PROPGEOM
4902
PropellerA
0.29 0.089 4 0.528			
9	41					
0.307  0.172400  0.692410  0.000000  0.000000  0.320030  0.000000
0.400  0.213800  0.736830  0.000000  0.000000  0.210320  0.048180
0.500  0.254500  0.812720  0.000000  0.000000  0.137930  0.041190
0.600  0.295200  0.907100  0.000000  0.000000  0.089240  0.032330
0.700  0.335200  1.018760  0.000000  0.000000  0.056370  0.023470
0.800  0.373100  1.148350  0.000000  0.000000  0.034570  0.014610
0.900  0.373100  1.287140  0.000000  0.000000  0.022550  0.012010
0.950  0.344800  1.356240  0.000000  0.000000  0.019200  0.010700
1.000  0.240000  1.441380  0.000000  0.000000  0.021550  0.009400
0.000000  0.000000  0.000000				
0.025000  0.059680 -0.059680				
0.050000  0.076220 -0.076220				
0.075000  0.088480 -0.088480				
0.100000  0.098140 -0.098140				
0.125000  0.106010 -0.106010				
0.150000  0.114080 -0.114080				
0.175000  0.122550 -0.122550				
0.200000  0.129720 -0.129720				
0.225000  0.135100 -0.135100				
0.250000  0.139590 -0.139590				
0.275000  0.143970 -0.143970				
0.300000  0.148260 -0.148260				
0.325000  0.151840 -0.151840				
0.350000  0.154230 -0.154230
0.375000  0.155430 -0.155430
0.400000  0.156030 -0.156030
0.425000  0.156920 -0.156920
0.450000  0.158220 -0.158220
0.475000  0.159410 -0.159410
0.500000  0.160010 -0.160010
0.525000  0.159610 -0.159610
0.550000  0.158520 -0.158520
0.575000  0.157120 -0.157120
0.600000  0.155230 -0.155230
0.625000  0.152840 -0.152840
0.650000  0.150050 -0.150050
0.675000  0.147060 -0.147060
0.700000  0.144070 -0.144070
0.725000  0.140980 -0.140980
0.750000  0.137200 -0.137200
0.775000  0.132120 -0.132120
0.800000  0.125840 -0.125840
0.825000  0.119260 -0.119260
0.850000  0.112190 -0.112190
0.875000  0.103720 -0.103720
0.900000  0.093660 -0.093660
0.925000  0.083100 -0.083100
0.950000  0.069740 -0.069740
0.975000  0.048120 -0.048120
1.000000  0.000000  0.000000
0.000000  0.000000  0.000000
0.025000  0.040150 -0.030760
0.050000  0.056230 -0.037920
0.075000  0.069440 -0.042690
0.100000  0.080890 -0.046190
0.125000  0.091640 -0.049480
0.150000  0.101140 -0.052000
0.175000  0.109350 -0.053690
0.200000  0.116700 -0.055030
0.225000  0.123610 -0.056400
0.250000  0.129680 -0.057400
0.275000  0.134750 -0.057890
0.300000  0.139020 -0.058070
0.325000  0.142740 -0.058180
0.350000  0.145930 -0.058230
0.375000  0.148460 -0.058120
0.400000  0.150250 -0.057740
0.425000  0.151650 -0.057450
0.450000  0.152710 -0.057300
0.475000  0.153220 -0.057090
0.500000  0.153040 -0.056670
0.525000  0.152260 -0.056130
0.550000  0.151300 -0.055890
0.575000  0.150090 -0.055890
0.600000  0.148330 -0.055820
0.625000  0.145890 -0.055540
0.650000  0.142890 -0.055200
0.675000  0.139510 -0.054950
0.700000  0.135890 -0.054930
0.725000  0.131610 -0.054760
0.750000  0.126550 -0.054270
0.775000  0.120630 -0.053420
0.800000  0.113970 -0.052300
0.825000  0.106420 -0.050760
0.850000  0.097910 -0.048760
0.875000  0.088310 -0.046150
0.900000  0.077350 -0.042660
0.925000  0.064790 -0.038050
0.950000  0.051130 -0.032820
0.975000  0.035310 -0.025910
1.000000  0.000000  0.000000
0.000000  0.000000  0.000000
0.025000  0.029980 -0.021950
0.050000  0.041030 -0.025380
0.075000  0.050510 -0.027650
0.100000  0.058730 -0.029070
0.125000  0.065790 -0.029750
0.150000  0.072440 -0.030430
0.175000  0.078790 -0.031220
0.200000  0.084270 -0.031560
0.225000  0.088950 -0.031500
0.250000  0.093020 -0.031240
0.275000  0.096640 -0.030950
0.300000  0.099690 -0.030500
0.325000  0.102290 -0.030010
0.350000  0.104440 -0.029480
0.375000  0.106220 -0.029000
0.400000  0.107650 -0.028570
0.425000  0.108720 -0.028200
0.450000  0.109540 -0.027990
0.475000  0.110050 -0.027880
0.500000  0.110100 -0.027730
0.525000  0.109650 -0.027480
0.550000  0.108940 -0.027390
0.575000  0.108070 -0.027550
0.600000  0.106950 -0.027870
0.625000  0.105470 -0.028240
0.650000  0.103430 -0.028470
0.675000  0.100940 -0.028660
0.700000  0.097940 -0.028740
0.725000  0.094630 -0.028940
0.750000  0.090760 -0.028980
0.775000  0.086340 -0.028890
0.800000  0.081410 -0.028690
0.825000  0.075870 -0.028300
0.850000  0.069780 -0.027770
0.875000  0.062920 -0.026890
0.900000  0.055260 -0.025610
0.925000  0.046490 -0.023630
0.950000  0.036960 -0.021310
0.975000  0.025060 -0.017030
1.000000  0.000000  0.000000
0.000000  0.000000  0.000000
0.025000  0.016620 -0.010320
0.050000  0.024910 -0.012620
0.075000  0.031490 -0.013550
0.100000  0.038160 -0.014890
0.125000  0.044270 -0.015980
0.150000  0.049290 -0.016310
0.175000  0.053630 -0.016290
0.200000  0.057340 -0.015960
0.225000  0.060690 -0.015600
0.250000  0.063520 -0.015030
0.275000  0.066030 -0.014470
0.300000  0.068390 -0.014070
0.325000  0.070420 -0.013680
0.350000  0.072090 -0.013250
0.375000  0.073440 -0.012820
0.400000  0.074480 -0.012400
0.425000  0.075300 -0.012100
0.450000  0.076010 -0.012000
0.475000  0.076610 -0.012120
0.500000  0.076900 -0.012240
0.525000  0.076870 -0.012370
0.550000  0.076520 -0.012510
0.575000  0.075910 -0.012710
0.600000  0.074990 -0.012920
0.625000  0.073800 -0.013180
0.650000  0.072240 -0.013400
0.675000  0.070470 -0.013730
0.700000  0.068390 -0.014070
0.725000  0.065980 -0.014420
0.750000  0.063260 -0.014770
0.775000  0.060180 -0.015080
0.800000  0.056680 -0.015300
0.825000  0.052600 -0.015260
0.850000  0.048210 -0.015230
0.875000  0.043340 -0.015060				
0.900000  0.037650 -0.014370				
0.925000  0.031380 -0.013440				
0.950000  0.024550 -0.012260				
0.975000  0.016620 -0.010320				
1.000000  0.000000  0.000000				
0.000000  0.000000  0.000000				
0.025000  0.010210 -0.005630				
0.050000  0.016150 -0.007230				
0.075000  0.021150 -0.008130				
0.100000  0.025490 -0.008590				
0.125000  0.029330 -0.008800				
0.150000  0.032670 -0.008730				
0.175000  0.035680 -0.008570				
0.200000  0.038290 -0.008250				
0.225000  0.040570 -0.007830				
0.250000  0.042620 -0.007420				
0.275000  0.044450 -0.007010				
0.300000  0.046100 -0.006670				
0.325000  0.047360 -0.006170				
0.350000  0.048510 -0.005790				
0.375000  0.049480 -0.005470				
0.400000  0.050340 -0.005270				
0.425000  0.050910 -0.005030				
0.450000  0.051260 -0.004790				
0.475000  0.051490 -0.004660				
0.500000  0.051660 -0.004720				
0.525000  0.051550 -0.004720				
0.550000  0.051150 -0.004680				
0.575000  0.050580 -0.004700				
0.600000  0.049900 -0.004840				
0.625000  0.049100 -0.005090				
0.650000  0.048020 -0.005300
0.675000  0.046540 -0.005350
0.700000  0.045010 -0.005580
0.725000  0.043460 -0.006030
0.750000  0.041480 -0.006270
0.775000  0.039150 -0.006410
0.800000  0.036600 -0.006560
0.825000  0.034150 -0.007040
0.850000  0.031140 -0.007200
0.875000  0.027640 -0.007100
0.900000  0.024130 -0.007230
0.925000  0.020060 -0.007030
0.950000  0.015820 -0.006900
0.975000  0.011080 -0.006510
1.000000  0.000000  0.000000
0.000000  0.000000  0.000000
0.025000  0.006090 -0.003240
0.050000  0.008920 -0.003370
0.075000  0.011520 -0.003410
0.100000  0.013930 -0.003410
0.125000  0.016110 -0.003320
0.150000  0.018150 -0.003250
0.175000  0.020020 -0.003140
0.200000  0.021750 -0.003050
0.225000  0.023310 -0.002920
0.250000  0.024680 -0.002760
0.275000  0.025980 -0.002670
0.300000  0.027090 -0.002540
0.325000  0.028080 -0.002430
0.350000  0.028940 -0.002340
0.375000  0.029720 -0.002320
0.400000  0.030380 -0.002320
0.425000  0.030860 -0.002280
0.450000  0.031310 -0.002380
0.475000  0.031530 -0.002380
0.500000  0.031730 -0.002500
0.525000  0.031810 -0.002650
0.550000  0.031700 -0.002760
0.575000  0.031570 -0.003000
0.600000  0.031260 -0.003200
0.625000  0.030820 -0.003420
0.650000  0.030250 -0.003650
0.675000  0.029560 -0.003910
0.700000  0.028680 -0.004130
0.725000  0.027730 -0.004420
0.750000  0.026490 -0.004570
0.775000  0.025230 -0.004840
0.800000  0.023730 -0.005020
0.825000  0.022050 -0.005170
0.850000  0.020240 -0.005330
0.875000  0.018140 -0.005350
0.900000  0.015850 -0.005330
0.925000  0.013330 -0.005220
0.950000  0.010620 -0.005070
0.975000  0.007620 -0.004780
1.000000  0.000000  0.000000
0.000000  0.000000  0.000000
0.025000  0.004890 -0.002550
0.050000  0.007100 -0.002540
0.075000  0.009130 -0.002470
0.100000  0.011000 -0.002360
0.125000  0.012640 -0.002140
0.150000  0.014170 -0.001920
0.175000  0.015530 -0.001660
0.200000  0.016720 -0.001350
0.225000  0.017900 -0.001150
0.250000  0.018860 -0.000850
0.275000  0.019700 -0.000550
0.300000  0.020490 -0.000310
0.325000  0.021150 -0.000080
0.350000  0.021710  0.000140
0.375000  0.022150  0.000360
0.400000  0.022530  0.000530
0.425000  0.022850  0.000630
0.450000  0.023110  0.000670
0.475000  0.023200  0.000760
0.500000  0.023230  0.000790
0.525000  0.023250  0.000700
0.550000  0.023110  0.000670
0.575000  0.022960  0.000520
0.600000  0.022690  0.000360
0.625000  0.022310  0.000200
0.650000  0.021870 -0.000020
0.675000  0.021320 -0.000250
0.700000  0.020700 -0.000530
0.725000  0.019980 -0.000820
0.750000  0.019130 -0.001120
0.775000  0.018230 -0.001480
0.800000  0.017100 -0.001730
0.825000  0.015970 -0.002100
0.850000  0.014610 -0.002360
0.875000  0.013140 -0.002630
0.900000  0.011490 -0.002850
0.925000  0.009740 -0.003070
0.950000  0.007750 -0.003190
0.975000  0.005600 -0.003260
1.000000  0.000000  0.000000
0.000000  0.000000  0.000000
0.025000  0.005440 -0.003360
0.050000  0.007180 -0.003110
0.075000  0.008740 -0.002800
0.100000  0.010200 -0.002490
0.125000  0.011540 -0.002170
0.150000  0.012720 -0.001800
0.175000  0.013840 -0.001480
0.200000  0.014850 -0.001150
0.225000  0.015810 -0.000880
0.250000  0.016600 -0.000540
0.275000  0.017340 -0.000260
0.300000  0.018020 -0.000040
0.325000  0.018540  0.000250
0.350000  0.019060  0.000430
0.375000  0.019410  0.000660
0.400000  0.019760  0.000790
0.425000  0.020010  0.000920
0.450000  0.020140  0.001050
0.475000  0.020280  0.001080
0.500000  0.020250  0.001160
0.525000  0.020280  0.001080
0.550000  0.020140  0.001050
0.575000  0.019950  0.000980
0.600000  0.019700  0.000850
0.625000  0.019350  0.000720
0.650000  0.018940  0.000540
0.675000  0.018420  0.000360
0.700000  0.017850  0.000130
0.725000  0.017170 -0.000090
0.750000  0.016430 -0.000370
0.775000  0.015580 -0.000650
0.800000  0.014620 -0.000920
0.825000  0.013550 -0.001190
0.850000  0.012320 -0.001400
0.875000  0.011030 -0.001660
0.900000  0.009680 -0.001980
0.925000  0.008110 -0.002170
0.950000  0.006430 -0.002370
0.975000  0.004590 -0.002500
1.000000  0.000000  0.000000
0.000000  0.000000  0.000000
0.025000  0.003060 -0.001230
0.050000  0.004810 -0.001240
0.075000  0.006460 -0.001240
0.100000  0.008060 -0.001290
0.125000  0.009560 -0.001330
0.150000  0.010900 -0.001310				
0.175000  0.012190 -0.001330				
0.200000  0.013330 -0.001300				
0.225000  0.014420 -0.001310				
0.250000  0.015410 -0.001310				
0.275000  0.016290 -0.001300				
0.300000  0.017130 -0.001340				
0.325000  0.017760 -0.001260				
0.350000  0.018450 -0.001340				
0.375000  0.018930 -0.001300				
0.400000  0.019420 -0.001370				
0.425000  0.019740 -0.001370				
0.450000  0.019970 -0.001360				
0.475000  0.020100 -0.001340				
0.500000  0.020180 -0.001380				
0.525000  0.020150 -0.001400				
0.550000  0.020030 -0.001410				
0.575000  0.019850 -0.001480				
0.600000  0.019520 -0.001480				
0.625000  0.019150 -0.001520				
0.650000  0.018670 -0.001560				
0.675000  0.018030 -0.001540				
0.700000  0.017410 -0.001620				
0.725000  0.016680 -0.001680				
0.750000  0.015850 -0.001750				
0.775000  0.014910 -0.001800				
0.800000  0.013930 -0.001900				
0.825000  0.012800 -0.001940				
0.850000  0.011610 -0.002020				
0.875000  0.010380 -0.002160				
0.900000  0.009050 -0.002280				
0.925000  0.007610 -0.002390				
0.950000  0.006020 -0.002450
0.975000  0.004440 -0.002600
1.000000  0.000000  0.000000
