PROPGEOM
KP505
forKCS
0.250 0.045 5 0.800
11	27
0.180  0.231300  0.834700 -0.010944  -4.720  0.028448  0.198227
0.250  0.261800  0.891200 -0.017279  -6.980  0.029641  0.155500
0.300  0.280900  0.926900 -0.020134  -7.820  0.029477  0.132147
0.400  0.313800  0.978300 -0.021033  -7.740  0.026769  0.097100
0.500  0.340300  1.007900 -0.015566  -5.560  0.022010  0.072260
0.600  0.357300  1.013000 -0.004221  -1.500  0.017324  0.054492
0.700  0.359000  0.996700  0.011379   4.110  0.014039  0.041560
0.800  0.337600  0.956600  0.027848  10.480  0.011996  0.031783
0.900  0.279700  0.900600  0.042954  17.170  0.010440  0.024777
0.950  0.222500  0.868300  0.049758  20.630  0.010067  0.023730
1.000  0.000100  0.833100  0.055957  24.180  8.700000  0.022684
0.000000  0.000000  0.000000
0.005000  0.014385 -0.011979
0.007500  0.017789 -0.014403
0.012500  0.023275 -0.018115
0.025000  0.033572 -0.024548
0.050000  0.048669 -0.033239
0.075000  0.060456 -0.039649
0.100000  0.070375 -0.044874
0.150000  0.086492 -0.053100
0.200000  0.099185 -0.059397
0.250000  0.108975 -0.063998
0.300000  0.116483 -0.067353
0.350000  0.121961 -0.069606
0.400000  0.125515 -0.070809
0.450000  0.127223 -0.071004
0.500000  0.126808 -0.069912
0.550000  0.124427 -0.067696
0.600000  0.120074 -0.064396
0.650000  0.113721 -0.060045
0.700000  0.105281 -0.054689
0.750000  0.094702 -0.048497
0.800000  0.081639 -0.041658
0.850000  0.065624 -0.034758
0.900000  0.047409 -0.027006
0.950000  0.027531 -0.017784
0.975000  0.017169 -0.012486
1.000000  0.006601 -0.006601
0.000000  0.000000  0.000000
0.005000  0.011595 -0.009087
0.007500  0.014390 -0.010863
0.012500  0.018923 -0.013546
0.025000  0.027497 -0.018095
0.050000  0.040165 -0.024088
0.075000  0.050104 -0.028424
0.100000  0.058489 -0.031919
0.150000  0.072148 -0.037355
0.200000  0.082928 -0.041472
0.250000  0.091276 -0.044414
0.300000  0.097701 -0.046511
0.350000  0.102413 -0.047862
0.400000  0.105504 -0.048504
0.450000  0.107038 -0.048462
0.500000  0.106800 -0.047518
0.550000  0.104911 -0.045800
0.600000  0.101361 -0.043348
0.650000  0.096119 -0.040192
0.700000  0.089101 -0.036388
0.750000  0.080238 -0.032095
0.800000  0.069189 -0.027532
0.850000  0.055453 -0.023292
0.900000  0.039817 -0.018558
0.950000  0.022851 -0.012696
0.975000  0.014071 -0.009192
1.000000  0.005178 -0.005178
0.000000  0.000000  0.000000
0.005000  0.010035 -0.007541
0.007500  0.012484 -0.008976
0.012500  0.016470 -0.011123
0.025000  0.024048 -0.014698
0.050000  0.035296 -0.019307
0.075000  0.044147 -0.022587
0.100000  0.051627 -0.025203
0.150000  0.063829 -0.029229
0.200000  0.073472 -0.032245
0.250000  0.080957 -0.034354
0.300000  0.086730 -0.035823
0.350000  0.090978 -0.036729
0.400000  0.093781 -0.037097
0.450000  0.095200 -0.036947
0.500000  0.095048 -0.036094
0.550000  0.093430 -0.034647
0.600000  0.090334 -0.032642
0.650000  0.085728 -0.030111
0.700000  0.079532 -0.027110
0.750000  0.071670 -0.023793
0.800000  0.061811 -0.020384
0.850000  0.049451 -0.017468
0.900000  0.035374 -0.014233
0.950000  0.020154 -0.010055
0.975000  0.012311 -0.007459
1.000000  0.004400 -0.004400
0.000000  0.000000  0.000000
0.005000  0.007589 -0.005325
0.007500  0.009477 -0.006292
0.012500  0.012565 -0.007709
0.025000  0.018480 -0.009989
0.050000  0.027321 -0.012801
0.075000  0.034307 -0.014728
0.100000  0.040225 -0.016229
0.150000  0.049900 -0.018478
0.200000  0.057560 -0.020120
0.250000  0.063526 -0.021204
0.300000  0.068140 -0.021910
0.350000  0.071552 -0.022286
0.400000  0.073822 -0.022346
0.450000  0.075000 -0.022100
0.500000  0.074950 -0.021412
0.550000  0.073746 -0.020363
0.600000  0.071377 -0.018985
0.650000  0.067813 -0.017305
0.700000  0.062983 -0.015377
0.750000  0.056812 -0.013333
0.800000  0.049009 -0.011388
0.850000  0.039108 -0.010064
0.900000  0.027825 -0.008626
0.950000  0.015684 -0.006513
0.975000  0.009466 -0.005060
1.000000  0.003233 -0.003233
0.000000  0.000000  0.000000
0.005000  0.005736 -0.003874
0.007500  0.007177 -0.004558
0.012500  0.009540 -0.005548
0.025000  0.014084 -0.007102
0.050000  0.020898 -0.008960
0.075000  0.026295 -0.010197
0.100000  0.030871 -0.011141
0.150000  0.038360 -0.012525
0.200000  0.044296 -0.013512
0.250000  0.048926 -0.014128
0.300000  0.052512 -0.014501
0.350000  0.055170 -0.014662
0.400000  0.056946 -0.014620
0.450000  0.057878 -0.014382
0.500000  0.057865 -0.013845
0.550000  0.056963 -0.013071
0.600000  0.055161 -0.012083
0.650000  0.052436 -0.010907
0.700000  0.048728 -0.009586
0.750000  0.043975 -0.008226
0.800000  0.037939 -0.007006
0.850000  0.030237 -0.006356
0.900000  0.021456 -0.005670
0.950000  0.012030 -0.004489
0.975000  0.007216 -0.003594
1.000000  0.002406 -0.002406
0.000000  0.000000  0.000000
0.005000  0.004357 -0.002891
0.007500  0.005456 -0.003394
0.012500  0.007260 -0.004118
0.025000  0.010736 -0.005241
0.050000  0.015956 -0.006560
0.075000  0.020095 -0.007424
0.100000  0.023605 -0.008076
0.150000  0.029354 -0.009019
0.200000  0.033911 -0.009682
0.250000  0.037469 -0.010080
0.300000  0.040227 -0.010309
0.350000  0.042272 -0.010389
0.400000  0.043641 -0.010327
0.450000  0.044364 -0.010128
0.500000  0.044363 -0.009715
0.550000  0.043681 -0.009133
0.600000  0.042308 -0.008402
0.650000  0.040227 -0.007540
0.700000  0.037392 -0.006583
0.750000  0.033751 -0.005614
0.800000  0.029121 -0.004773
0.850000  0.023196 -0.004399
0.900000  0.016441 -0.004016
0.950000  0.009196 -0.003261
0.975000  0.005502 -0.002650
1.000000  0.001815 -0.001815
0.000000  0.000000  0.000000
0.005000  0.003358 -0.002170
0.007500  0.004210 -0.002539
0.012500  0.005612 -0.003066
0.025000  0.008319 -0.003866
0.050000  0.012394 -0.004779
0.075000  0.015628 -0.005360
0.100000  0.018374 -0.005789
0.150000  0.022873 -0.006394
0.200000  0.026441 -0.006806
0.250000  0.029230 -0.007035
0.300000  0.031394 -0.007149
0.350000  0.033000 -0.007163
0.400000  0.034079 -0.007082
0.450000  0.034652 -0.006908
0.500000  0.034661 -0.006583
0.550000  0.034138 -0.006142
0.600000  0.033076 -0.005599
0.650000  0.031460 -0.004971
0.700000  0.029253 -0.004286
0.750000  0.026413 -0.003610
0.800000  0.022790 -0.003060
0.850000  0.018139 -0.002907
0.900000  0.012835 -0.002766
0.950000  0.007155 -0.002345
0.975000  0.004264 -0.001953
1.000000  0.001384 -0.001384
0.000000  0.000000  0.000000
0.005000  0.002621 -0.001606
0.007500  0.003295 -0.001867
0.012500  0.004406 -0.002230
0.025000  0.006562 -0.002757
0.050000  0.009820 -0.003313
0.075000  0.012412 -0.003638
0.100000  0.014616 -0.003863
0.150000  0.018231 -0.004150
0.200000  0.021102 -0.004324
0.250000  0.023350 -0.004384
0.300000  0.025096 -0.004379
0.350000  0.026396 -0.004319
0.400000  0.027273 -0.004205
0.450000  0.027745 -0.004038
0.500000  0.027767 -0.003775
0.550000  0.027363 -0.003441
0.600000  0.026528 -0.003049
0.650000  0.025248 -0.002614
0.700000  0.023491 -0.002158
0.750000  0.021222 -0.001738
0.800000  0.018314 -0.001455
0.850000  0.014555 -0.001540
0.900000  0.010267 -0.001664
0.950000  0.005688 -0.001578
0.975000  0.003365 -0.001390
1.000000  0.001058 -0.001058
0.000000  0.000000  0.000000
0.005000  0.002089 -0.001206
0.007500  0.002633 -0.001391
0.012500  0.003534 -0.001640
0.025000  0.005288 -0.001976
0.050000  0.007950 -0.002288
0.075000  0.010074 -0.002438
0.100000  0.011882 -0.002523
0.150000  0.014851 -0.002597
0.200000  0.017211 -0.002610
0.250000  0.019063 -0.002557
0.300000  0.020504 -0.002474
0.350000  0.021579 -0.002365
0.400000  0.022307 -0.002231
0.450000  0.022704 -0.002073
0.500000  0.022734 -0.001854
0.550000  0.022416 -0.001597
0.600000  0.021745 -0.001312
0.650000  0.020709 -0.001010
0.700000  0.019281 -0.000714
0.750000  0.017428 -0.000471
0.800000  0.015042 -0.000369
0.850000  0.011937 -0.000610
0.900000  0.008394 -0.000907
0.950000  0.004620 -0.001044
0.975000  0.002712 -0.000994
1.000000  0.000825 -0.000825
0.000000  0.000000  0.000000
0.005000  0.002004 -0.001152
0.007500  0.002526 -0.001328
0.012500  0.003391 -0.001564
0.025000  0.005075 -0.001882
0.050000  0.007633 -0.002173
0.075000  0.009673 -0.002310
0.100000  0.011410 -0.002386
0.150000  0.014264 -0.002447
0.200000  0.016532 -0.002452
0.250000  0.018312 -0.002396
0.300000  0.019697 -0.002311
0.350000  0.020730 -0.002203
0.400000  0.021431 -0.002072
0.450000  0.021812 -0.001918
0.500000  0.021842 -0.001708
0.550000  0.021538 -0.001462
0.600000  0.020893 -0.001190
0.650000  0.019898 -0.000904
0.700000  0.018527 -0.000624
0.750000  0.016747 -0.000396
0.800000  0.014454 -0.000306
0.850000  0.011470 -0.000547
0.900000  0.008064 -0.000844
0.950000  0.004437 -0.000988
0.975000  0.002604 -0.000947
1.000000  0.000790 -0.000790
0.000000  0.000000  0.000000
0.005000  0.001919 -0.001098
0.007500  0.002419 -0.001265
0.012500  0.003247 -0.001489
0.025000  0.004863 -0.001788
0.050000  0.007316 -0.002058
0.075000  0.009273 -0.002183
0.100000  0.010939 -0.002249
0.150000  0.013676 -0.002298
0.200000  0.015853 -0.002295
0.250000  0.017560 -0.002234
0.300000  0.018889 -0.002148
0.350000  0.019881 -0.002041
0.400000  0.020554 -0.001912
0.450000  0.020921 -0.001763
0.500000  0.020950 -0.001562
0.550000  0.020659 -0.001327
0.600000  0.020041 -0.001068
0.650000  0.019088 -0.000797
0.700000  0.017773 -0.000533
0.750000  0.016066 -0.000321
0.800000  0.013867 -0.000243
0.850000  0.011003 -0.000485
0.900000  0.007734 -0.000782
0.950000  0.004253 -0.000932
0.975000  0.002495 -0.000899
1.000000  0.000755 -0.000755
