TITLE="Rotor Force Harmonic Analysis"
VARIABLES="NNHAR" "CFIP" "CMIP" "CFDP" "CMDP" "CFVP" "CMVP"
ZONE T="BLADE REV=   1" F=POINT, I=  19
  0     0.1641155423357401E+00   0.0000000000000000E+00   0.2343380321029869E-01   0.0000000000000000E+00   0.1513263194748736E+00   0.0000000000000000E+00   0.3912223804178267E-01   0.0000000000000000E+00   0.1513263194748736E+00   0.0000000000000000E+00   0.3912223804178267E-01   0.0000000000000000E+00
  1     0.1180339949686813E+00   0.5578534086424243E+02   0.1589883786643860E-01   0.6086385854560992E+02   0.1253049359321217E+00   0.6203152779522440E+02   0.2014250686863081E-01  -0.1266290308488634E+02   0.1253049359321217E+00   0.6203152779522440E+02   0.2014250686863081E-01  -0.1266290308488634E+02
  2     0.5967536701574387E-01   0.6196841844723094E+02   0.7764153231610612E-02   0.7091206750600432E+02   0.7201081464865508E-01   0.6219935058666515E+02   0.1050504064970561E-01  -0.1139706242647663E+03   0.7201081464865508E-01   0.6219935058666515E+02   0.1050504064970561E-01  -0.1139706242647663E+03
  3     0.1684150531489525E-01   0.1072543577089329E+03   0.2346067177849146E-02   0.1347379343089600E+03   0.1719044790558892E-01   0.7993868287189098E+02   0.1490198945431108E-01  -0.1730732253892894E+03   0.1719044790558892E-01   0.7993868287189098E+02   0.1490198945431108E-01  -0.1730732253892894E+03
  4     0.9977246369525518E-02   0.1454679384564359E+03   0.1743273115278554E-02   0.1727412644244394E+03   0.5444468440060197E-02   0.1500842567361941E+03   0.1185613341213988E-01   0.1522147452851054E+03   0.5444468440060197E-02   0.1500842567361941E+03   0.1185613341213988E-01   0.1522147452851054E+03
  5     0.7198439001727099E-02  -0.1732768775967042E+03   0.1449631147206509E-02  -0.1541869455966558E+03   0.7357661482970583E-02  -0.1455181945398840E+03   0.9214633876992536E-02   0.1149536051296919E+03   0.7357661482970583E-02  -0.1455181945398840E+03   0.9214633876992536E-02   0.1149536051296919E+03
  6     0.5942725238381500E-02  -0.1508781444183701E+03   0.1129813028092370E-02  -0.1369924998542701E+03   0.9584008886978360E-02  -0.1352709619342491E+03   0.8787724862203333E-02   0.6095467030590029E+02   0.9584008886978360E-02  -0.1352709619342491E+03   0.8787724862203333E-02   0.6095467030590029E+02
  7     0.4578420866464642E-02  -0.1392117766149923E+03   0.8519800823130859E-03  -0.1218121522682043E+03   0.9705224504325635E-02  -0.1524252472839974E+03   0.1014714389956707E-01   0.4564966027259304E+01   0.9705224504325635E-02  -0.1524252472839974E+03   0.1014714389956707E-01   0.4564966027259304E+01
  8     0.3274368366749506E-02  -0.1094276099934083E+03   0.6800692484830775E-03  -0.9618032089432518E+02   0.6137830121501782E-02   0.1717915078182094E+03   0.1168795487821691E-01  -0.4717899209319507E+02   0.6137830121501782E-02   0.1717915078182094E+03   0.1168795487821691E-01  -0.4717899209319507E+02
  9     0.2782051388428069E-02  -0.8784998305457630E+02   0.6252444306119030E-03  -0.8142676449409788E+02   0.4193617329122407E-02   0.7891503102689751E+02   0.1200446662049879E-01  -0.9869202143287438E+02   0.4193617329122407E-02   0.7891503102689751E+02   0.1200446662049879E-01  -0.9869202143287438E+02
 10     0.2003720942674460E-02  -0.7258697299517536E+02   0.4538138536834637E-03  -0.7394512922795076E+02   0.7063006200430330E-02   0.6388634481388449E+01   0.1112416922105384E-01  -0.1557836556712910E+03   0.7063006200430330E-02   0.6388634481388449E+01   0.1112416922105384E-01  -0.1557836556712910E+03
 11     0.9240487508751379E-03  -0.5038273842685481E+02   0.2276056626045966E-03  -0.5146193100811303E+02   0.7495314111720371E-02  -0.4465933652422599E+02   0.1005621440278176E-01   0.1394388241001254E+03   0.7495314111720371E-02  -0.4465933652422599E+02   0.1005621440278176E-01   0.1394388241001254E+03
 12     0.3833263036140567E-03   0.4311832313765898E+02   0.1063530460245379E-03  -0.7853612762931705E+01   0.5672709304102522E-02  -0.1124315672874910E+03   0.9211634246468739E-02   0.7281246225135467E+02   0.5672709304102522E-02  -0.1124315672874910E+03   0.9211634246468739E-02   0.7281246225135467E+02
 13     0.1375162504172677E-03   0.7153728472184756E+01   0.1025933374121006E-03  -0.4130865078180817E+02   0.5137327955625663E-02   0.1762342550352612E+03   0.7920404637584168E-02   0.7205159417338304E+01   0.5137327955625663E-02   0.1762342550352612E+03   0.7920404637584168E-02   0.7205159417338304E+01
 14     0.6875872238946057E-03  -0.1099512841753452E+03   0.2074971038813849E-03  -0.9177264549930909E+02   0.3703703458447922E-02   0.1182627625220887E+03   0.6423108352245977E-02  -0.5532643177319425E+02   0.3703703458447922E-02   0.1182627625220887E+03   0.6423108352245977E-02  -0.5532643177319425E+02
 15     0.1093928969354640E-02  -0.1177740243014422E+03   0.2821366429506486E-03  -0.1078983535803505E+03   0.1857522970326619E-02   0.4996709457120014E+02   0.4995029259302863E-02  -0.1085410432940769E+03   0.1857522970326619E-02   0.4996709457120014E+02   0.4995029259302863E-02  -0.1085410432940769E+03
 16     0.9857221754966847E-03  -0.1281911734154896E+03   0.1936034970952255E-03  -0.1129647663981560E+03   0.1464727944952277E-02  -0.1267617033215287E+02   0.4023113655208803E-02  -0.1527982607926244E+03   0.1464727944952277E-02  -0.1267617033215287E+02   0.4023113655208803E-02  -0.1527982607926244E+03
 17     0.4423056325615254E-03  -0.1241785325750938E+03   0.9485912960132637E-04  -0.8201617249434443E+02   0.2192267126966527E-02  -0.3771695583683992E+02   0.3994975261274665E-02   0.1585448268394936E+03   0.2192267126966527E-02  -0.3771695583683992E+02   0.3994975261274665E-02   0.1585448268394936E+03
 18     0.6628245533694912E-03  -0.6321150577531208E+02   0.1819906303827516E-03  -0.5057161879562965E+02   0.3567480876211936E-02  -0.7730230434316977E+02   0.4628297980117693E-02   0.9911041772315407E+02   0.3567480876211936E-02  -0.7730230434316977E+02   0.4628297980117693E-02   0.9911041772315407E+02
ZONE T="BLADE REV=   2" F=POINT, I=  19
  0     0.1793128088894783E+00   0.0000000000000000E+00   0.2572952318924143E-01   0.0000000000000000E+00   0.1638124787696636E+00   0.0000000000000000E+00   0.3928126831609913E-01   0.0000000000000000E+00   0.1638124787696636E+00   0.0000000000000000E+00   0.3928126831609913E-01   0.0000000000000000E+00
  1     0.8032471389640516E-01   0.4574756967456466E+02   0.1057575826842587E-01   0.4902751602750008E+02   0.8524576560614361E-01   0.6037468338185699E+02   0.2021975817404830E-01  -0.1772027133761566E+02   0.8524576560614361E-01   0.6037468338185699E+02   0.2021975817404830E-01  -0.1772027133761566E+02
  2     0.4577361631297688E-01   0.1926150214091741E+02   0.5620564822771973E-02   0.1910665455307266E+02   0.5855416829628218E-01   0.3703066949365296E+02   0.1535082823354456E-01  -0.7929817654981620E+02   0.5855416829628218E-01   0.3703066949365296E+02   0.1535082823354456E-01  -0.7929817654981620E+02
  3     0.7383888655459678E-02  -0.8644829415785985E+01   0.8521612812330459E-03  -0.4549473760323212E+02   0.2465533250659325E-01   0.1163978790810191E+02   0.1435006535778588E-01  -0.1566695982598285E+03   0.2465533250659325E-01   0.1163978790810191E+02   0.1435006535778588E-01  -0.1566695982598285E+03
  4     0.3655133150546688E-02  -0.4648756332170658E+02   0.6987412374629904E-03  -0.8322352624023755E+02   0.2018462475829257E-01  -0.4225030492659856E+02   0.1309889280270805E-01   0.1389357724418979E+03   0.2018462475829257E-01  -0.4225030492659856E+02   0.1309889280270805E-01   0.1389357724418979E+03
  5     0.5057317723283868E-02  -0.9965511957604087E+02   0.9464222171202614E-03  -0.1019359223521926E+03   0.2183025397069988E-01  -0.1010178809330258E+03   0.1319446763595434E-01   0.7662903232554011E+02   0.2183025397069988E-01  -0.1010178809330258E+03   0.1319446763595434E-01   0.7662903232554011E+02
  6     0.4468802703082146E-02  -0.9597887988069182E+02   0.8003945999466282E-03  -0.9804750907821723E+02   0.1981057185216983E-01  -0.1474541483946975E+03   0.1444075193693391E-01   0.1703112231973228E+02   0.1981057185216983E-01  -0.1474541483946975E+03   0.1444075193693391E-01   0.1703112231973228E+02
  7     0.3298850336498916E-02  -0.1019728594248413E+03   0.5856194642956847E-03  -0.9511974200182709E+02   0.1667709653975965E-01   0.1557298162813148E+03   0.1529577977490668E-01  -0.3731435184742886E+02   0.1667709653975965E-01   0.1557298162813148E+03   0.1529577977490668E-01  -0.3731435184742886E+02
  8     0.3672822425158197E-02  -0.8627981348910990E+02   0.6001102829926567E-03  -0.8206087822467465E+02   0.1411296301722002E-01   0.8869464902083210E+02   0.1556597672479265E-01  -0.9045573655332132E+02   0.1411296301722002E-01   0.8869464902083210E+02   0.1556597672479265E-01  -0.9045573655332132E+02
  9     0.2416174481028286E-02  -0.6672960767752477E+02   0.4093319328155668E-03  -0.6363362423918359E+02   0.1733315014507630E-01   0.2613884077853929E+02   0.1487000585322332E-01  -0.1450567575505061E+03   0.1733315014507630E-01   0.2613884077853929E+02   0.1487000585322332E-01  -0.1450567575505061E+03
 10     0.2512894163285725E-02  -0.7287249639773053E+02   0.4047228468071991E-03  -0.6791917721561100E+02   0.1912986002465772E-01  -0.2788713480826018E+02   0.1433801473336434E-01   0.1582668298287051E+03   0.1912986002465772E-01  -0.2788713480826018E+02   0.1433801473336434E-01   0.1582668298287051E+03
 11     0.2102133815743101E-02  -0.5709899375476573E+02   0.3230665931224714E-03  -0.5537836445967552E+02   0.1926122367767000E-01  -0.7634763320620614E+02   0.1416364787618678E-01   0.9975766562668423E+02   0.1926122367767000E-01  -0.7634763320620614E+02   0.1416364787618678E-01   0.9975766562668423E+02
 12     0.1611154704399836E-02  -0.4922401919258685E+02   0.2568309863219119E-03  -0.4665146340073244E+02   0.1745034852336348E-01  -0.1298241765647397E+03   0.1440918549705229E-01   0.4253757846156026E+02   0.1745034852336348E-01  -0.1298241765647397E+03   0.1440918549705229E-01   0.4253757846156026E+02
 13     0.1768262174953352E-02  -0.5294793831072376E+02   0.2776677810753024E-03  -0.5093515031288187E+02   0.1597708198077774E-01   0.1730899783632773E+03   0.1460677285725140E-01  -0.1322123620877449E+02   0.1597708198077774E-01   0.1730899783632773E+03   0.1460677285725140E-01  -0.1322123620877449E+02
 14     0.1563239290241331E-02  -0.4272580014451932E+02   0.2479583626480700E-03  -0.4290159296872194E+02   0.1572150095836886E-01   0.1110166592999015E+03   0.1447234099084076E-01  -0.6756969156279969E+02   0.1572150095836886E-01   0.1110166592999015E+03   0.1447234099084076E-01  -0.6756969156279969E+02
 15     0.1386761685346064E-02  -0.5733579691403541E+02   0.2227304543872232E-03  -0.5606111486465014E+02   0.1638973708892915E-01   0.5331813494140168E+02   0.1407814676846549E-01  -0.1225821548927520E+03   0.1638973708892915E-01   0.5331813494140168E+02   0.1407814676846549E-01  -0.1225821548927520E+03
 16     0.1122480890483959E-02  -0.4526055563745154E+02   0.1748549942310531E-03  -0.4478259351608651E+02   0.1749957596622266E-01  -0.8173846820003324E+00   0.1361986789209459E-01  -0.1785960599047543E+03   0.1749957596622266E-01  -0.8173846820003324E+00   0.1361986789209459E-01  -0.1785960599047543E+03
 17     0.9643579714930047E-03  -0.3401720331908451E+02   0.1556197693193492E-03  -0.3160960398570569E+02   0.1753205886281413E-01  -0.5294054732787897E+02   0.1347586649061740E-01   0.1248643293539291E+03   0.1753205886281413E-01  -0.5294054732787897E+02   0.1347586649061740E-01   0.1248643293539291E+03
 18     0.1064985104082993E-02  -0.3670219778737803E+02   0.1750169704309866E-03  -0.3332985835604881E+02   0.1696929875657636E-01  -0.1062456132510738E+03   0.1358171336943458E-01   0.6893815985464850E+02   0.1696929875657636E-01  -0.1062456132510738E+03   0.1358171336943458E-01   0.6893815985464850E+02
ZONE T="BLADE REV=   3" F=POINT, I=  19
  0     0.1665039140533901E+00   0.0000000000000000E+00   0.2384927193877982E-01   0.0000000000000000E+00   0.1595012186701192E+00   0.0000000000000000E+00   0.3026138624653307E-01   0.0000000000000000E+00   0.1595012186701192E+00   0.0000000000000000E+00   0.3026138624653307E-01   0.0000000000000000E+00
  1     0.8062670636373161E-01   0.3643048414551451E+02   0.1043721406133473E-01   0.3813346755411985E+02   0.7852630477890633E-01   0.4038231505971336E+02   0.1377952379324728E-01   0.1595536148523582E+02   0.7852630477890633E-01   0.4038231505971336E+02   0.1377952379324728E-01   0.1595536148523582E+02
  2     0.5101732657368099E-01   0.4570131403345525E+01   0.6651923471805619E-02   0.7284414714896934E+00   0.4808716256398378E-01   0.1060676497537930E+02   0.1104237885112721E-01  -0.2007095071574653E+02   0.4808716256398378E-01   0.1060676497537930E+02   0.1104237885112721E-01  -0.2007095071574653E+02
  3     0.1422097627635464E-01  -0.2089659162988078E+00   0.1725708950334395E-02  -0.1327427445348055E+02   0.1396039436632287E-01   0.1134518007645285E+02   0.3927930135444777E-02  -0.4404031594785651E+02   0.1396039436632287E-01   0.1134518007645285E+02   0.3927930135444777E-02  -0.4404031594785651E+02
  4     0.8294125933806389E-02   0.1545858128605942E+01   0.1017285652497769E-02  -0.1043388342418361E+02   0.8276413964809007E-02   0.1364218427687694E+02   0.2575498012971930E-02  -0.4322442081583154E+02   0.8276413964809007E-02   0.1364218427687694E+02   0.2575498012971930E-02  -0.4322442081583154E+02
  5     0.3214917488654636E-02  -0.1470731218265401E+02   0.4835646994037965E-03  -0.2710339422978513E+02   0.3373608046638978E-02   0.3125294279434389E+01   0.1407384040902684E-02  -0.7082277549511029E+02   0.3373608046638978E-02   0.3125294279434389E+01   0.1407384040902684E-02  -0.7082277549511029E+02
  6     0.2331416278093646E-02   0.4738674880704179E+01   0.3085300439637561E-03  -0.4717307767526280E+01   0.2724428519594924E-02   0.9764716104559104E+01   0.2399439799177224E-03  -0.1015391008743780E+03   0.2724428519594924E-02   0.9764716104559104E+01   0.2399439799177224E-03  -0.1015391008743780E+03
  7     0.1820723023707497E-02   0.7114633116807869E+02   0.2464279213059057E-03   0.5990507230511487E+02   0.1619352002584221E-02   0.6472496365362120E+02   0.6816321254238646E-03   0.8197218126770193E+02   0.1619352002584221E-02   0.6472496365362120E+02   0.6816321254238646E-03   0.8197218126770193E+02
  8     0.3382097863996389E-03   0.9996371528666818E+02   0.4581146815297801E-04   0.8138132997560217E+02   0.4020511113544048E-03   0.1313840329375184E+03   0.5008371782195019E-03   0.2554279570634391E+02   0.4020511113544048E-03   0.1313840329375184E+03   0.5008371782195019E-03   0.2554279570634391E+02
  9     0.1453291803750353E-02   0.8507039388609238E+02   0.2188972334150503E-03   0.8423669925373437E+02   0.1630392045456092E-02   0.8468862005726551E+02   0.1609947194398777E-03  -0.2752267666481675E+02   0.1630392045456092E-02   0.8468862005726551E+02   0.1609947194398777E-03  -0.2752267666481675E+02
 10     0.6972745034541155E-03   0.1536566578506603E+03   0.9228894782434917E-04   0.1523093350570504E+03   0.3758331493955724E-03   0.1409404564570132E+03   0.4565350914934355E-03   0.1788658077383121E+03   0.3758331493955724E-03   0.1409404564570132E+03   0.4565350914934355E-03   0.1788658077383121E+03
 11     0.3124218238281244E-03   0.1736209698263374E+03   0.6291318467819393E-04   0.1688461031066778E+03   0.4990450056279335E-03  -0.1316104615370248E+03   0.4597447271360113E-03   0.1053676654383476E+03   0.4990450056279335E-03  -0.1316104615370248E+03   0.4597447271360113E-03   0.1053676654383476E+03
 12     0.1784091463998710E-03   0.1693384065718448E+03   0.2926144026674859E-04  -0.1762401887787114E+03   0.6341865667388268E-03  -0.1774030314122903E+03   0.4541062715970940E-03   0.1109487398725459E+02   0.6341865667388268E-03  -0.1774030314122903E+03   0.4541062715970940E-03   0.1109487398725459E+02
 13     0.5273427359089828E-03  -0.9628880586579153E+02   0.8495504654997842E-04  -0.9898242441911927E+02   0.2280153827073025E-03  -0.1693205446393719E+03   0.6225231312194158E-03  -0.7546874952594185E+02   0.2280153827073025E-03  -0.1693205446393719E+03   0.6225231312194158E-03  -0.7546874952594185E+02
 14     0.4869833920859755E-03  -0.1604349687846695E+02   0.7382800664058076E-04  -0.1928001118562902E+02   0.8740236698212717E-03   0.8002243726563675E+01   0.4840284409869723E-03  -0.1463967764891437E+03   0.8740236698212717E-03   0.8002243726563675E+01   0.4840284409869723E-03  -0.1463967764891437E+03
 15     0.3239760448413021E-03  -0.1203485392197914E+02   0.5752435381040989E-04  -0.1555409389663492E+02   0.7346972244693721E-03  -0.3295808534207643E+02   0.4812878207229414E-03   0.1182393758321249E+03   0.7346972244693721E-03  -0.3295808534207643E+02   0.4812878207229414E-03   0.1182393758321249E+03
 16     0.3717916878308582E-03   0.3203968369847586E+02   0.5915636235133861E-04   0.3487023636216935E+02   0.1578020952112713E-03  -0.5969599953290682E+02   0.5567204155828267E-03   0.4203867329702981E+02   0.1578020952112713E-03  -0.5969599953290682E+02   0.5567204155828267E-03   0.4203867329702981E+02
 17     0.5304870911915184E-03   0.6408700819521945E+02   0.8301600464903878E-04   0.6183434636416778E+02   0.5838967238065510E-03   0.9427620061129717E+02   0.3736392742341037E-03  -0.2736902288862085E+02   0.5838967238065510E-03   0.9427620061129717E+02   0.3736392742341037E-03  -0.2736902288862085E+02
 18     0.3648638559128397E-03   0.1062899985813506E+03   0.5800801174517906E-04   0.1045042159194817E+03   0.4743800593288672E-03   0.9029438759451320E+02   0.2900561073347990E-03  -0.1600823825159672E+03   0.4743800593288672E-03   0.9029438759451320E+02   0.2900561073347990E-03  -0.1600823825159672E+03
ZONE T="BLADE REV=   4" F=POINT, I=  19
  0     0.1688940105141694E+00   0.0000000000000000E+00   0.2416964373764134E-01   0.0000000000000000E+00   0.1620391065735474E+00   0.0000000000000000E+00   0.3048811385666083E-01   0.0000000000000000E+00   0.1620391065735474E+00   0.0000000000000000E+00   0.3048811385666083E-01   0.0000000000000000E+00
  1     0.7909816583622976E-01   0.3761238181616137E+02   0.1023304845673306E-01   0.3942902852898791E+02   0.7707999624357009E-01   0.4139909720503249E+02   0.1338602023397949E-01   0.1758957720004636E+02   0.7707999624357009E-01   0.4139909720503249E+02   0.1338602023397949E-01   0.1758957720004636E+02
  2     0.5110996778821119E-01   0.3800633167507888E+01   0.6654513332741533E-02   0.1040369427037807E-01   0.4803552936312985E-01   0.9519143859457769E+01   0.1102319563374260E-01  -0.1971699558677943E+02   0.4803552936312985E-01   0.9519143859457769E+01   0.1102319563374260E-01  -0.1971699558677943E+02
  3     0.1416203950079590E-01  -0.1140692813520365E+01   0.1723694734873637E-02  -0.1422209849596417E+02   0.1367739967095758E-01   0.1005548033827624E+02   0.3876996584861779E-02  -0.4235621284234124E+02   0.1367739967095758E-01   0.1005548033827624E+02   0.3876996584861779E-02  -0.4235621284234124E+02
  4     0.8218567523370714E-02   0.5226375662788716E+00   0.1005546659008182E-02  -0.1133287239889753E+02   0.8016490531774402E-02   0.1297091410137268E+02   0.2595147453130283E-02  -0.3976294600741850E+02   0.8016490531774402E-02   0.1297091410137268E+02   0.2595147453130283E-02  -0.3976294600741850E+02
  5     0.3186993776962213E-02  -0.1680091576738622E+02   0.4811858015903190E-03  -0.2875609526134591E+02   0.3212266648848265E-02   0.3948295311936683E+01   0.1551290831234867E-02  -0.6498740782216314E+02   0.3212266648848265E-02   0.3948295311936683E+01   0.1551290831234867E-02  -0.6498740782216314E+02
  6     0.2311498893574634E-02   0.1266565633356092E+01   0.3071467768944147E-03  -0.7990241706332157E+01   0.2847609583770990E-02   0.9929091389850354E+01   0.4842828589232961E-03  -0.1006751266278710E+03   0.2847609583770990E-02   0.9929091389850354E+01   0.4842828589232961E-03  -0.1006751266278710E+03
  7     0.1764669829266955E-02   0.6981806889917024E+02   0.2415164599198611E-03   0.5830061378887703E+02   0.1610067682697024E-02   0.5295383233003746E+02   0.7221315011868318E-03   0.1043920827259636E+03   0.1610067682697024E-02   0.5295383233003746E+02   0.7221315011868318E-03   0.1043920827259636E+03
  8     0.2915296706006351E-03   0.1120269229659215E+03   0.3944215831853651E-04   0.9362573150885692E+02   0.3660460456594195E-03  -0.1624716110392907E+03   0.6987555215440031E-03   0.5355839571619725E+02   0.3660460456594195E-03  -0.1624716110392907E+03   0.6987555215440031E-03   0.5355839571619725E+02
  9     0.1409157236389063E-02   0.8680534646601757E+02   0.2150504743563218E-03   0.8646319450158299E+02   0.1531425621056490E-02   0.1004280857594166E+03   0.5145160723011216E-03   0.4308555263942650E+01   0.1531425621056490E-02   0.1004280857594166E+03   0.5145160723011216E-03   0.4308555263942650E+01
 10     0.7108227649030368E-03   0.1591061249953012E+03   0.9658303208031240E-04   0.1575364923833781E+03   0.7509033370713929E-03   0.1322259556857505E+03   0.4678748961207470E-03  -0.1264725895474058E+03   0.7509033370713929E-03   0.1322259556857505E+03   0.4678748961207470E-03  -0.1264725895474058E+03
 11     0.3340376944594010E-03  -0.1711355028913169E+03   0.6646740160916702E-04   0.1794392616730871E+03   0.1922472997891741E-03  -0.8999795897200893E+02   0.5401451092115219E-03   0.1612889960625689E+03   0.1922472997891741E-03  -0.8999795897200893E+02   0.5401451092115219E-03   0.1612889960625689E+03
 12     0.1969869459307351E-03  -0.1705166810308927E+03   0.3544238583880600E-04  -0.1618045435125801E+03   0.4879289392551702E-03  -0.1281779503844132E+03   0.4516381793272470E-03   0.7823930810801923E+02   0.4879289392551702E-03  -0.1281779503844132E+03   0.4516381793272470E-03   0.7823930810801923E+02
 13     0.5877664477863302E-03  -0.1011873410341858E+03   0.9353839770063176E-04  -0.1050263280458801E+03   0.6783247154528550E-03  -0.1344028105263240E+03   0.4848381087939443E-03  -0.2379315639586038E+02   0.6783247154528550E-03  -0.1344028105263240E+03   0.4848381087939443E-03  -0.2379315639586038E+02
 14     0.4342629351257846E-03  -0.2391210731778513E+02   0.6366678018443001E-04  -0.2704275833744778E+02   0.4694373181478076E-03   0.2459893396760047E+02   0.5097254155185189E-03  -0.8933325556425667E+02   0.4694373181478076E-03   0.2459893396760047E+02   0.5097254155185189E-03  -0.8933325556425667E+02
 15     0.3116070051318681E-03  -0.2669316923819767E+02   0.5427780648134814E-04  -0.2859455273176518E+02   0.6746151506478639E-03  -0.1272111859690249E+02   0.4509941701601707E-03   0.1799836423171506E+03   0.6746151506478639E-03  -0.1272111859690249E+02   0.4509941701601707E-03   0.1799836423171506E+03
 16     0.3371849064849566E-03   0.1753882897130351E+02   0.5228544534789797E-04   0.2188887247957308E+02   0.4757839626601654E-03  -0.4018012761622612E+02   0.5693368519110530E-03   0.9020358834057198E+02   0.4757839626601654E-03  -0.4018012761622612E+02   0.5693368519110530E-03   0.9020358834057198E+02
 17     0.4575683666617702E-03   0.6049915142351711E+02   0.7131057234609178E-04   0.5864136458726900E+02   0.3079220117976503E-03   0.1197101639910716E+03   0.5893161668542698E-03   0.2338152806568943E+02   0.3079220117976503E-03   0.1197101639910716E+03   0.5893161668542698E-03   0.2338152806568943E+02
 18     0.3172354341039098E-03   0.1159636872726404E+03   0.5150585052880521E-04   0.1153775032294936E+03   0.6300057873232727E-03   0.1139591413915588E+03   0.3689636336593760E-03  -0.6751914597350856E+02   0.6300057873232727E-03   0.1139591413915588E+03   0.3689636336593760E-03  -0.6751914597350856E+02
ZONE T="BLADE REV=   5" F=POINT, I=  19
  0     0.1680256108172533E+00   0.0000000000000000E+00   0.2404870597713584E-01   0.0000000000000000E+00   0.1612864912103764E+00   0.0000000000000000E+00   0.3019746602892982E-01   0.0000000000000000E+00   0.1612864912103764E+00   0.0000000000000000E+00   0.3019746602892982E-01   0.0000000000000000E+00
  1     0.7977392821512266E-01   0.3718006206438999E+02   0.1031661462525544E-01   0.3894383931662096E+02   0.7755085855026721E-01   0.4081575797841079E+02   0.1360662243341579E-01   0.1868006522625616E+02   0.7755085855026721E-01   0.4081575797841079E+02   0.1360662243341579E-01   0.1868006522625616E+02
  2     0.5122987649324994E-01   0.4147350151869620E+01   0.6667894943010844E-02   0.2886885725676534E+00   0.4787790751998013E-01   0.9924204746695484E+01   0.1138132151370415E-01  -0.1862224226390680E+02   0.4787790751998013E-01   0.9924204746695484E+01   0.1138132151370415E-01  -0.1862224226390680E+02
  3     0.1421922820635577E-01  -0.6237848983015535E+00   0.1727022001638316E-02  -0.1386983952528589E+02   0.1374002550726873E-01   0.1198008769146162E+02   0.4258329608115943E-02  -0.4514145638158404E+02   0.1374002550726873E-01   0.1198008769146162E+02   0.4258329608115943E-02  -0.4514145638158404E+02
  4     0.8237781109466338E-02   0.1255341828444544E+01   0.1006196151079919E-02  -0.1083895425204462E+02   0.8387539243631960E-02   0.1434252848604410E+02   0.2478426282184358E-02  -0.4905284999704882E+02   0.8387539243631960E-02   0.1434252848604410E+02   0.2478426282184358E-02  -0.4905284999704882E+02
  5     0.3172550867726739E-02  -0.1552607051435281E+02   0.4792239234639536E-03  -0.2822131496512264E+02   0.3409389678333382E-02   0.7700572812064440E+00   0.1151416517666277E-02  -0.6945519927601566E+02   0.3409389678333382E-02   0.7700572812064440E+00   0.1151416517666277E-02  -0.6945519927601566E+02
  6     0.2324057085169171E-02   0.2789870485949829E+01   0.3087437910088564E-03  -0.7116945533746065E+01   0.2608219608467202E-02   0.7836975642096333E+01   0.3060107616952377E-03  -0.4424042122195862E+02   0.2608219608467202E-02   0.7836975642096333E+01   0.3060107616952377E-03  -0.4424042122195862E+02
  7     0.1818053679411078E-02   0.7039330908665194E+02   0.2459921614086811E-03   0.5874005122435103E+02   0.1739776367347516E-02   0.6441357084175033E+02   0.4162901784801876E-03   0.7483334712529185E+02   0.1739776367347516E-02   0.6441357084175033E+02   0.4162901784801876E-03   0.7483334712529185E+02
  8     0.3367716862992870E-03   0.1103498639220987E+03   0.4292453381100841E-04   0.9414679989896058E+02   0.2399957569202086E-03   0.1297605654958037E+03   0.2782617248010351E-03   0.5957472678857928E+02   0.2399957569202086E-03   0.1297605654958037E+03   0.2782617248010351E-03   0.5957472678857928E+02
  9     0.1452673944087415E-02   0.8716826742918772E+02   0.2189667999658880E-03   0.8657392619986527E+02   0.1378153815552817E-02   0.9105903474989266E+02   0.3241564454137173E-03   0.5840372664736958E+02   0.1378153815552817E-02   0.9105903474989266E+02   0.3241564454137173E-03   0.5840372664736958E+02
 10     0.7343472866519696E-03   0.1569073424099526E+03   0.9864166646398741E-04   0.1563725544113189E+03   0.7430110306355846E-03   0.1540617946518304E+03   0.7966672855716956E-04  -0.1663102607161198E+03   0.7430110306355846E-03   0.1540617946518304E+03   0.7966672855716956E-04  -0.1663102607161198E+03
 11     0.3354819725558736E-03  -0.1764859700215279E+03   0.6628582982673263E-04   0.1774012975736681E+03   0.2924528253414834E-03  -0.1732417049914555E+03   0.1364260421164463E-03   0.1748352058590294E+03   0.2924528253414834E-03  -0.1732417049914555E+03   0.1364260421164463E-03   0.1748352058590294E+03
 12     0.2041681746678276E-03  -0.1788875103906612E+03   0.3544557062271512E-04  -0.1656320683596659E+03   0.2346325572760768E-03  -0.1663166410711630E+03   0.5917590033776349E-04   0.1058033092790521E+03   0.2346325572760768E-03  -0.1663166410711630E+03   0.5917590033776349E-04   0.1058033092790521E+03
 13     0.5653258809376478E-03  -0.1029919788236289E+03   0.9193610475532230E-04  -0.1061064270012797E+03   0.5334490911124756E-03  -0.1109848290923669E+03   0.1527030083083219E-03  -0.6654940794797706E+02   0.5334490911124756E-03  -0.1109848290923669E+03   0.1527030083083219E-03  -0.6654940794797706E+02
 14     0.4102133125681348E-03  -0.2092230546740866E+02   0.6127537691065603E-04  -0.2512695226175928E+02   0.4121289981961710E-03  -0.9303072329337841E+01   0.1320515468388226E-03  -0.8235781451804748E+02   0.4121289981961710E-03  -0.9303072329337841E+01   0.1320515468388226E-03  -0.8235781451804748E+02
 15     0.2907597736421450E-03  -0.2490001007498034E+02   0.5248747161602300E-04  -0.2843544512619012E+02   0.3844580683460488E-03  -0.2423896849178611E+02   0.7787949714978491E-04   0.1573046743883595E+03   0.3844580683460488E-03  -0.2423896849178611E+02   0.7787949714978491E-04   0.1573046743883595E+03
 16     0.3395128665859793E-03   0.2102378656082422E+02   0.5316921263541689E-04   0.2338121251819314E+02   0.2920009328070582E-03   0.7596573821486585E+00   0.2034252357775370E-03   0.6710096945199578E+02   0.2920009328070582E-03   0.7596573821486585E+00   0.2034252357775370E-03   0.6710096945199578E+02
 17     0.4674610242708573E-03   0.6269598505230620E+02   0.7194787677407081E-04   0.5966575970335780E+02   0.4025481827615379E-03   0.7309523478279469E+02   0.1937835843278639E-03   0.3263802082175386E+02   0.4025481827615379E-03   0.7309523478279469E+02   0.1937835843278639E-03   0.3263802082175386E+02
 18     0.3374389515626617E-03   0.1167503292110393E+03   0.5306326649268697E-04   0.1159947879302484E+03   0.3480670262295325E-03   0.1144254123927190E+03   0.4463260455333801E-04   0.1363382658981572E+03   0.3480670262295325E-03   0.1144254123927190E+03   0.4463260455333801E-04   0.1363382658981572E+03
ZONE T="BLADE REV=   6" F=POINT, I=  19
  0     0.1684039807340477E+00   0.0000000000000000E+00   0.2410036678701671E-01   0.0000000000000000E+00   0.1616710806825780E+00   0.0000000000000000E+00   0.3024724715022337E-01   0.0000000000000000E+00   0.1616710806825780E+00   0.0000000000000000E+00   0.3024724715022337E-01   0.0000000000000000E+00
  1     0.7962953567809858E-01   0.3738874366450063E+02   0.1030068792518557E-01   0.3916751239889120E+02   0.7742673155114010E-01   0.4101959885946512E+02   0.1356758048681476E-01   0.1886296908450760E+02   0.7742673155114010E-01   0.4101959885946512E+02   0.1356758048681476E-01   0.1886296908450760E+02
  2     0.5115256224519735E-01   0.4090240816515020E+01   0.6658181639799515E-02   0.2508366120804085E+00   0.4781650495550543E-01   0.9845610278578933E+01   0.1134621302000748E-01  -0.1866513336493316E+02   0.4781650495550543E-01   0.9845610278578933E+01   0.1134621302000748E-01  -0.1866513336493316E+02
  3     0.1419135968456330E-01  -0.6704075846870104E+00   0.1724457112634495E-02  -0.1385915448762447E+02   0.1370760719809950E-01   0.1178850161859201E+02   0.4214857093328164E-02  -0.4490233804905886E+02   0.1370760719809950E-01   0.1178850161859201E+02   0.4214857093328164E-02  -0.4490233804905886E+02
  4     0.8222908111455530E-02   0.1192828145857322E+01   0.1004556424804084E-02  -0.1080385600130429E+02   0.8334256490137269E-02   0.1410877112354295E+02   0.2463766809688682E-02  -0.4782148290865901E+02   0.8334256490137269E-02   0.1410877112354295E+02   0.2463766809688682E-02  -0.4782148290865901E+02
  5     0.3164567435203958E-02  -0.1576750170421876E+02   0.4780055453653963E-03  -0.2825896269520884E+02   0.3361800314176877E-02   0.7811224768070987E+00   0.1181756458976236E-02  -0.6768238767418977E+02   0.3361800314176877E-02   0.7811224768070987E+00   0.1181756458976236E-02  -0.6768238767418977E+02
  6     0.2317259068869955E-02   0.2582481445043212E+01   0.3077655909976904E-03  -0.7093002879024986E+01   0.2615971490179375E-02   0.8135038477864127E+01   0.3178265249887686E-03  -0.5095500367058978E+02   0.2615971490179375E-02   0.8135038477864127E+01   0.3178265249887686E-03  -0.5095500367058978E+02
  7     0.1809228046563062E-02   0.7044938394417399E+02   0.2456562303517210E-03   0.5887113849467764E+02   0.1721933237449634E-02   0.6338365683646618E+02   0.4366998588393830E-03   0.8031089705092472E+02   0.1721933237449634E-02   0.6338365683646618E+02   0.4366998588393830E-03   0.8031089705092472E+02
  8     0.3312576597964590E-03   0.1112801873846831E+03   0.4304745438313309E-04   0.9491022174485806E+02   0.2291340552827176E-03   0.1403409095969674E+03   0.3264777772311372E-03   0.5919459180474244E+02   0.2291340552827176E-03   0.1403409095969674E+03   0.3264777772311372E-03   0.5919459180474244E+02
  9     0.1447019852842961E-02   0.8719325997754318E+02   0.2189791583045573E-03   0.8665403500265788E+02   0.1387377990229474E-02   0.9219798838803109E+02   0.3270579959051144E-03   0.5121432981947539E+02   0.1387377990229474E-02   0.9219798838803109E+02   0.3270579959051144E-03   0.5121432981947539E+02
 10     0.7325664953814800E-03   0.1573271785817701E+03   0.9882495826819162E-04   0.1564315434452525E+03   0.7367210470336067E-03   0.1524111863159928E+03   0.1110646267944090E-03  -0.1541801626475999E+03   0.7367210470336067E-03   0.1524111863159928E+03   0.1110646267944090E-03  -0.1541801626475999E+03
 11     0.3354965667597264E-03  -0.1757716686819423E+03   0.6646529390530013E-04   0.1772811890461378E+03   0.2705163047613581E-03  -0.1685618821089974E+03   0.1708491941859819E-03   0.1689321441501970E+03   0.2705163047613581E-03  -0.1685618821089974E+03   0.1708491941859819E-03   0.1689321441501970E+03
 12     0.2041953105438816E-03  -0.1777025723361343E+03   0.3562577801545362E-04  -0.1657001579149601E+03   0.2483187130877333E-03  -0.1597395434129959E+03   0.8900933306378220E-04   0.9503939100700330E+02   0.2483187130877333E-03  -0.1597395434129959E+03   0.8900933306378220E-04   0.9503939100700330E+02
 13     0.5690148610246203E-03  -0.1028577748221761E+03   0.9194982595574147E-04  -0.1061990602352099E+03   0.5481536831826010E-03  -0.1125708500055192E+03   0.1611487442331769E-03  -0.5828106306119376E+02   0.5481536831826010E-03  -0.1125708500055192E+03   0.1611487442331769E-03  -0.5828106306119376E+02
 14     0.4126595816374303E-03  -0.2116517902521517E+02   0.6124056412613880E-04  -0.2496027730222182E+02   0.4052102720142500E-03  -0.7715268633880088E+01   0.1510158751770453E-03  -0.8029916471669587E+02   0.4052102720142500E-03  -0.7715268633880088E+01   0.1510158751770453E-03  -0.8029916471669587E+02
 15     0.2927918280106655E-03  -0.2543199742438658E+02   0.5237800728693300E-04  -0.2848225452349354E+02   0.3971993564391883E-03  -0.2230634725708555E+02   0.9283106477546279E-04   0.1697830993166536E+03   0.3971993564391883E-03  -0.2230634725708555E+02   0.9283106477546279E-04   0.1697830993166536E+03
 16     0.3400448280507782E-03   0.2063832004059460E+02   0.5322449395255801E-04   0.2361465581278667E+02   0.3123407652573474E-03  -0.2800486567592728E+01   0.2155826443650978E-03   0.7522588921085828E+02   0.3123407652573474E-03  -0.2800486567592728E+01   0.2155826443650978E-03   0.7522588921085828E+02
 17     0.4653728043818150E-03   0.6245575346185190E+02   0.7189084567986388E-04   0.5975661876783770E+02   0.3724606530961161E-03   0.7388355022311762E+02   0.2280392291767227E-03   0.3695272975319673E+02   0.3724606530961161E-03   0.7388355022311762E+02   0.2280392291767227E-03   0.3695272975319673E+02
 18     0.3346099849350857E-03   0.1167719696664321E+03   0.5310580022815268E-04   0.1160582558277782E+03   0.3699169181948782E-03   0.1170274773780228E+03   0.1051505885974200E-04   0.6994938024370174E+02   0.3699169181948782E-03   0.1170274773780228E+03   0.1051505885974200E-04   0.6994938024370174E+02
ZONE T="BLADE REV=   7" F=POINT, I=  19
  0     0.1682476071280147E+00   0.0000000000000000E+00   0.2407955156820380E-01   0.0000000000000000E+00   0.1615142995718008E+00   0.0000000000000000E+00   0.3022395953708272E-01   0.0000000000000000E+00   0.1615142995718008E+00   0.0000000000000000E+00   0.3022395953708272E-01   0.0000000000000000E+00
  1     0.7964724197784941E-01   0.3729661475330560E+02   0.1030204931437327E-01   0.3907203088950278E+02   0.7743279829892367E-01   0.4092722864889436E+02   0.1358044554246944E-01   0.1880833451372622E+02   0.7743279829892367E-01   0.4092722864889436E+02   0.1358044554246944E-01   0.1880833451372622E+02
  2     0.5118320180514419E-01   0.4080109522643392E+01   0.6662388693268500E-02   0.2364950934795844E+00   0.4783405667126724E-01   0.9843727216454418E+01   0.1136774404536718E-01  -0.1865914918264604E+02   0.4783405667126724E-01   0.9843727216454418E+01   0.1136774404536718E-01  -0.1865914918264604E+02
  3     0.1420283265233704E-01  -0.7108492162335655E+00   0.1725853180712344E-02  -0.1391098528471944E+02   0.1371916955027801E-01   0.1181874335984637E+02   0.4236210657780140E-02  -0.4507363395172923E+02   0.1371916955027801E-01   0.1181874335984637E+02   0.4236210657780140E-02  -0.4507363395172923E+02
  4     0.8230075639440148E-02   0.1145502610922107E+01   0.1005565073279522E-02  -0.1087269698541134E+02   0.8358061543724711E-02   0.1411905634238409E+02   0.2466167433431474E-02  -0.4840406472299799E+02   0.8358061543724711E-02   0.1411905634238409E+02   0.2466167433431474E-02  -0.4840406472299799E+02
  5     0.3172214264012249E-02  -0.1582189733262326E+02   0.4791398350983885E-03  -0.2833361812971406E+02   0.3382582203352076E-02   0.5600089853417310E+00   0.1166605039643605E-02  -0.6829187582249237E+02   0.3382582203352076E-02   0.5600089853417310E+00   0.1166605039643605E-02  -0.6829187582249237E+02
  6     0.2321744487264678E-02   0.2511912483740101E+01   0.3084870600833126E-03  -0.7203688693158610E+01   0.2611482233903050E-02   0.7870454695665602E+01   0.3150565801136305E-03  -0.4792145593430254E+02   0.2611482233903050E-02   0.7870454695665602E+01   0.3150565801136305E-03  -0.4792145593430254E+02
  7     0.1807960105862757E-02   0.7032169877880895E+02   0.2453869153046910E-03   0.5871613605307540E+02   0.1725569668784353E-02   0.6371601355582470E+02   0.4257441676584747E-03   0.7800429595696917E+02   0.1725569668784353E-02   0.6371601355582470E+02   0.4257441676584747E-03   0.7800429595696917E+02
  8     0.3282471423689670E-03   0.1109962377038198E+03   0.4245652064382534E-04   0.9448877000095844E+02   0.2280478639842695E-03   0.1362887877644866E+03   0.3049637633172706E-03   0.5934406838113732E+02   0.2280478639842695E-03   0.1362887877644866E+03   0.3049637633172706E-03   0.5934406838113732E+02
  9     0.1445135597808490E-02   0.8710667769987467E+02   0.2185411969328920E-03   0.8656159711924919E+02   0.1378517063725544E-02   0.9160781515747711E+02   0.3242907570822862E-03   0.5441146525811719E+02   0.1378517063725544E-02   0.9160781515747711E+02   0.3242907570822862E-03   0.5441146525811719E+02
 10     0.7301178015259002E-03   0.1573835612866552E+03   0.9840226181478561E-04   0.1565764447512563E+03   0.7351153069276863E-03   0.1534642896636777E+03   0.9655797669175985E-04  -0.1595984125722902E+03   0.7351153069276863E-03   0.1534642896636777E+03   0.9655797669175985E-04  -0.1595984125722902E+03
 11     0.3340112010924305E-03  -0.1755358082172676E+03   0.6618445487346798E-04   0.1775548013974193E+03   0.2808217533116892E-03  -0.1700294304745024E+03   0.1525575268701196E-03   0.1708247032304947E+03   0.2808217533116892E-03  -0.1700294304745024E+03   0.1525575268701196E-03   0.1708247032304947E+03
 12     0.2028850806533428E-03  -0.1772974993367628E+03   0.3548918920194128E-04  -0.1651142615985609E+03   0.2406436088743417E-03  -0.1622666012919297E+03   0.7159702000743538E-04   0.9887325088579513E+02   0.2406436088743417E-03  -0.1622666012919297E+03   0.7159702000743538E-04   0.9887325088579513E+02
 13     0.5700969125523598E-03  -0.1027024648827270E+03   0.9220567466940959E-04  -0.1060166224539883E+03   0.5433099027286163E-03  -0.1112667486192881E+03   0.1549140852907134E-03  -0.6325490104074256E+02   0.5433099027286163E-03  -0.1112667486192881E+03   0.1549140852907134E-03  -0.6325490104074256E+02
 14     0.4142945288430706E-03  -0.2126631561459200E+02   0.6156839483475061E-04  -0.2511836289585082E+02   0.4103679846491524E-03  -0.9264629191875384E+01   0.1378094101169538E-03  -0.8034379815002207E+02   0.4103679846491524E-03  -0.9264629191875384E+01   0.1378094101169538E-03  -0.8034379815002207E+02
 15     0.2945921350219776E-03  -0.2553934690204082E+02   0.5271715518093875E-04  -0.2862554772182855E+02   0.3901683725074541E-03  -0.2349539162094491E+02   0.7986902953975370E-04   0.1650090487409232E+03   0.3901683725074541E-03  -0.2349539162094491E+02   0.7986902953975370E-04   0.1650090487409232E+03
 16     0.3409478282211504E-03   0.2045905941299527E+02   0.5335294267171719E-04   0.2333712579078417E+02   0.3065831391161580E-03  -0.8701673606972553E+00   0.2039304512984713E-03   0.7184578861800046E+02   0.3065831391161580E-03  -0.8701673606972553E+00   0.2039304512984713E-03   0.7184578861800046E+02
 17     0.4650590238354197E-03   0.6228170592550962E+02   0.7180658766365768E-04   0.5953047819600809E+02   0.3832022795646788E-03   0.7261702395104400E+02   0.2103752414907601E-03   0.3659119008678512E+02   0.3832022795646788E-03   0.7261702395104400E+02   0.2103752414907601E-03   0.3659119008678512E+02
 18     0.3333169538465128E-03   0.1166824758082352E+03   0.5282920267781465E-04   0.1159720479721583E+03   0.3557067395964567E-03   0.1163646181865994E+03   0.2496602401536144E-04   0.1110144576193924E+03   0.3557067395964567E-03   0.1163646181865994E+03   0.2496602401536144E-04   0.1110144576193924E+03
ZONE T="BLADE REV=   8" F=POINT, I=  19
  0     0.1683076968890773E+00   0.0000000000000000E+00   0.2408739330022892E-01   0.0000000000000000E+00   0.1615749801176575E+00   0.0000000000000000E+00   0.3023215550385286E-01   0.0000000000000000E+00   0.1615749801176575E+00   0.0000000000000000E+00   0.3023215550385286E-01   0.0000000000000000E+00
  1     0.7965223429264948E-01   0.3733531967756728E+02   0.1030295566783988E-01   0.3911124253424082E+02   0.7744178250819378E-01   0.4096556221842203E+02   0.1357739070108878E-01   0.1883661278282191E+02   0.7744178250819378E-01   0.4096556221842203E+02   0.1357739070108878E-01   0.1883661278282191E+02
  2     0.5117315101288995E-01   0.4093284048961853E+01   0.6660901419368113E-02   0.2500544145500015E+00   0.4782859651996785E-01   0.9854687077466666E+01   0.1136074745019439E-01  -0.1865454452585628E+02   0.4782859651996785E-01   0.9854687077466666E+01   0.1136074745019439E-01  -0.1865454452585628E+02
  3     0.1419857665979929E-01  -0.6782818887724059E+00   0.1725246458064006E-02  -0.1387905387013775E+02   0.1371587511963771E-01   0.1183060742487122E+02   0.4229151943690159E-02  -0.4501678287264330E+02   0.1371587511963771E-01   0.1183060742487122E+02   0.4229151943690159E-02  -0.4501678287264330E+02
  4     0.8227052538001395E-02   0.1185641244306535E+01   0.1005087880565637E-02  -0.1083127790805778E+02   0.8350436671841916E-02   0.1414015495583136E+02   0.2464820758039393E-02  -0.4820684706865509E+02   0.8350436671841916E-02   0.1414015495583136E+02   0.2464820758039393E-02  -0.4820684706865509E+02
  5     0.3168863138060320E-02  -0.1575855548573320E+02   0.4786503926053473E-03  -0.2828018733949293E+02   0.3375389807903796E-02   0.6788484274795643E+00   0.1171509709792882E-02  -0.6806352300474821E+02   0.3375389807903796E-02   0.6788484274795643E+00   0.1171509709792882E-02  -0.6806352300474821E+02
  6     0.2319765580429515E-02   0.2603850160127303E+01   0.3081456115678815E-03  -0.7110334498237921E+01   0.2612750826951557E-02   0.8026871184418848E+01   0.3160090007994910E-03  -0.4894486055010528E+02   0.2612750826951557E-02   0.8026871184418848E+01   0.3160090007994910E-03  -0.4894486055010528E+02
  7     0.1810091455777118E-02   0.7040112185614778E+02   0.2456318536182240E-03   0.5880403609171737E+02   0.1726132005011303E-02   0.6364633182257985E+02   0.4293018462231235E-03   0.7883172516252678E+02   0.1726132005011303E-02   0.6364633182257985E+02   0.4293018462231235E-03   0.7883172516252678E+02
  8     0.3309658830121208E-03   0.1110766844006034E+03   0.4283075706127393E-04   0.9468719672479769E+02   0.2296999518673128E-03   0.1374387390458539E+03   0.3123365475722258E-03   0.5933495339337847E+02   0.2296999518673128E-03   0.1374387390458539E+03   0.3123365475722258E-03   0.5933495339337847E+02
  9     0.1447169442849525E-02   0.8715860467194332E+02   0.2188340871407388E-03   0.8660859611998933E+02   0.1382945567885594E-02   0.9182589662712850E+02   0.3251665590349214E-03   0.5335220888435869E+02   0.1382945567885594E-02   0.9182589662712850E+02   0.3251665590349214E-03   0.5335220888435869E+02
 10     0.7318487131029816E-03   0.1572804215623027E+03   0.9863732412637313E-04   0.1564594945412672E+03   0.7366107858531291E-03   0.1530349277367165E+03   0.1012915126853625E-03  -0.1577454867225764E+03   0.7366107858531291E-03   0.1530349277367165E+03   0.1012915126853625E-03  -0.1577454867225764E+03
 11     0.3349135396567356E-03  -0.1758374757402505E+03   0.6633872190351383E-04   0.1773427285489062E+03   0.2777411712573982E-03  -0.1698391930563604E+03   0.1585335345795894E-03   0.1700750129553791E+03   0.2777411712573982E-03  -0.1698391930563604E+03   0.1585335345795894E-03   0.1700750129553791E+03
 12     0.2037571258364920E-03  -0.1777390532350082E+03   0.3555439675806961E-04  -0.1655088931231773E+03   0.2431637743406704E-03  -0.1617241510063121E+03   0.7719947270743497E-04   0.9745039308915483E+02   0.2431637743406704E-03  -0.1617241510063121E+03   0.7719947270743497E-04   0.9745039308915483E+02
 13     0.5689200562544835E-03  -0.1028237156385836E+03   0.9203810652958260E-04  -0.1061262685266367E+03   0.5441825226351148E-03  -0.1117625507480640E+03   0.1565209390723631E-03  -0.6164739109893170E+02   0.5441825226351148E-03  -0.1117625507480640E+03   0.1565209390723631E-03  -0.6164739109893170E+02
 14     0.4129879712073502E-03  -0.2113693110967872E+02   0.6137472697484561E-04  -0.2500103862774497E+02   0.4079032553068121E-03  -0.8677297975037304E+01   0.1417490244611132E-03  -0.8023494670182974E+02   0.4079032553068121E-03  -0.8677297975037304E+01   0.1417490244611132E-03  -0.8023494670182974E+02
 15     0.2933107532080560E-03  -0.2540001771886042E+02   0.5253309816378477E-04  -0.2851778149287154E+02   0.3914416142362740E-03  -0.2300067979833121E+02   0.8366807647867504E-04   0.1668456975694755E+03   0.3914416142362740E-03  -0.2300067979833121E+02   0.8366807647867504E-04   0.1668456975694755E+03
 16     0.3405102222777228E-03   0.2069769002163896E+02   0.5330498269427107E-04   0.2356460465284982E+02   0.3081904037642802E-03  -0.1287841934066412E+01   0.2072853409316220E-03   0.7310278920043460E+02   0.3081904037642802E-03  -0.1287841934066412E+01   0.2072853409316220E-03   0.7310278920043460E+02
 17     0.4655698518795221E-03   0.6243288275916454E+02   0.7187435026089021E-04   0.5967220905854214E+02   0.3799244012792075E-03   0.7307896721853227E+02   0.2162143993735446E-03   0.3690503503853357E+02   0.3799244012792075E-03   0.7307896721853227E+02   0.2162143993735446E-03   0.3690503503853357E+02
 18     0.3345217308707423E-03   0.1167380269509791E+03   0.5300278108298597E-04   0.1160201551476823E+03   0.3611831560699327E-03   0.1166853319288327E+03   0.1971070823071154E-04   0.1025642631412711E+03   0.3611831560699327E-03   0.1166853319288327E+03   0.1971070823071154E-04   0.1025642631412711E+03
ZONE T="BLADE REV=   9" F=POINT, I=  19
  0     0.1682857302565320E+00   0.0000000000000000E+00   0.2408458144384992E-01   0.0000000000000000E+00   0.1615528395759998E+00   0.0000000000000000E+00   0.3022916740265249E-01   0.0000000000000000E+00   0.1615528395759998E+00   0.0000000000000000E+00   0.3022916740265249E-01   0.0000000000000000E+00
  1     0.7964708177383013E-01   0.3732014167130054E+02   0.1030224816153985E-01   0.3909607560125393E+02   0.7743511969880500E-01   0.4095044137962884E+02   0.1357809754405387E-01   0.1882592105013868E+02   0.7743511969880500E-01   0.4095044137962884E+02   0.1357809754405387E-01   0.1882592105013868E+02
  2     0.5117596841055500E-01   0.4086045503794889E+01   0.6661360153137325E-02   0.2431099058493615E+00   0.4782960809928601E-01   0.9847953130085900E+01   0.1136316853137121E-01  -0.1865700041594761E+02   0.4782960809928601E-01   0.9847953130085900E+01   0.1136316853137121E-01  -0.1865700041594761E+02
  3     0.1420003801088765E-01  -0.6953856594454870E+00   0.1725486752650821E-02  -0.1389421760059077E+02   0.1371666519176248E-01   0.1182003753957328E+02   0.4231614727930133E-02  -0.4503701481276958E+02   0.1371666519176248E-01   0.1182003753957328E+02   0.4231614727930133E-02  -0.4503701481276958E+02
  4     0.8228080688181981E-02   0.1164681564078678E+01   0.1005266928242963E-02  -0.1085047538172109E+02   0.8352809558741705E-02   0.1412501644142434E+02   0.2465204842391897E-02  -0.4827532704395094E+02   0.8352809558741705E-02   0.1412501644142434E+02   0.2465204842391897E-02  -0.4827532704395094E+02
  5     0.3170349223438187E-02  -0.1579455216408660E+02   0.4788636680781525E-03  -0.2830602492416434E+02   0.3377913767326057E-02   0.6203245848673781E+00   0.1169704039753675E-02  -0.6813786017154970E+02   0.3377913767326057E-02   0.6203245848673781E+00   0.1169704039753675E-02  -0.6813786017154970E+02
  6     0.2320433745072017E-02   0.2555269392197333E+01   0.3082652807854977E-03  -0.7153789534181604E+01   0.2612093000762874E-02   0.7955925034164745E+01   0.3157067971122027E-03  -0.4856545963003180E+02   0.2612093000762874E-02   0.7955925034164745E+01   0.3157067971122027E-03  -0.4856545963003180E+02
  7     0.1808829186487002E-02   0.7036413971651143E+02   0.2455043805554279E-03   0.5876532769417913E+02   0.1725409239374835E-02   0.6366091550058559E+02   0.4280178369892704E-03   0.7853169968031119E+02   0.1725409239374835E-02   0.6366091550058559E+02   0.4280178369892704E-03   0.7853169968031119E+02
  8     0.3294858266895792E-03   0.1110630694368688E+03   0.4264927750816775E-04   0.9461208422809864E+02   0.2286564270128527E-03   0.1371161794879588E+03   0.3097138765014934E-03   0.5933558752749831E+02   0.2286564270128527E-03   0.1371161794879588E+03   0.3097138765014934E-03   0.5933558752749831E+02
  9     0.1446001391095624E-02   0.8713464955253855E+02   0.2186875727668782E-03   0.8658871829424302E+02   0.1380861368233329E-02   0.9174419276073937E+02   0.3248511481508793E-03   0.5372924387621740E+02   0.1380861368233329E-02   0.9174419276073937E+02   0.3248511481508793E-03   0.5372924387621740E+02
 10     0.7309757882558220E-03   0.1573405513634940E+03   0.9853040035330719E-04   0.1565169684432865E+03   0.7357728208693162E-03   0.1532132193274642E+03   0.9957794447950707E-04  -0.1583968212809292E+03   0.7357728208693162E-03   0.1532132193274642E+03   0.9957794447950707E-04  -0.1583968212809292E+03
 11     0.3345014246573607E-03  -0.1756675138524742E+03   0.6627294964283449E-04   0.1774473688512115E+03   0.2787948523911835E-03  -0.1698234721269985E+03   0.1563869690083083E-03   0.1703330976245221E+03   0.2787948523911835E-03  -0.1698234721269985E+03   0.1563869690083083E-03   0.1703330976245221E+03
 12     0.2033281948511774E-03  -0.1774904681914681E+03   0.3552730283734110E-04  -0.1653160458811264E+03   0.2422261013214952E-03  -0.1618262172287966E+03   0.7519160912511153E-04   0.9794519013097175E+02   0.2422261013214952E-03  -0.1618262172287966E+03   0.7519160912511153E-04   0.9794519013097175E+02
 13     0.5695935731334812E-03  -0.1027614626980124E+03   0.9212111159128029E-04  -0.1060757165773055E+03   0.5441387738015039E-03  -0.1115570142509725E+03   0.1558823904638289E-03  -0.6221900542572492E+02   0.5441387738015039E-03  -0.1115570142509725E+03   0.1558823904638289E-03  -0.6221900542572492E+02
 14     0.4136725977243974E-03  -0.2120871825693923E+02   0.6146525468238452E-04  -0.2505723120525294E+02   0.4089363373594362E-03  -0.8929259853856676E+01   0.1402917465010747E-03  -0.8025083858556054E+02   0.4089363373594362E-03  -0.8929259853856676E+01   0.1402917465010747E-03  -0.8025083858556054E+02
 15     0.2939958793175162E-03  -0.2548029191630836E+02   0.5262100442632791E-04  -0.2857061882539681E+02   0.3911724205059878E-03  -0.2320245078484635E+02   0.8223266628433144E-04   0.1662204294919179E+03   0.3911724205059878E-03  -0.2320245078484635E+02   0.8223266628433144E-04   0.1662204294919179E+03
 16     0.3406882876891753E-03   0.2057372407919314E+02   0.5332109103453501E-04   0.2346231096495524E+02   0.3077637320117301E-03  -0.1173918029113168E+01   0.2060151030088991E-03   0.7266541128351896E+02   0.3077637320117301E-03  -0.1173918029113168E+01   0.2060151030088991E-03   0.7266541128351896E+02
 17     0.4652609083555148E-03   0.6235283984352255E+02   0.7183866425220235E-04   0.5960556835416828E+02   0.3808939944507445E-03   0.7287475548452504E+02   0.2141108777522509E-03   0.3681261493458671E+02   0.3808939944507445E-03   0.7287475548452504E+02   0.2141108777522509E-03   0.3681261493458671E+02
 18     0.3338524538778850E-03   0.1167136133390136E+03   0.5291798334018197E-04   0.1160008696458182E+03   0.3589372115075652E-03   0.1165733685412843E+03   0.2156517257203741E-04   0.1059260329063249E+03   0.3589372115075652E-03   0.1165733685412843E+03   0.2156517257203741E-04   0.1059260329063249E+03
ZONE T="BLADE REV=  10" F=POINT, I=  19
  0     0.1682936212450609E+00   0.0000000000000000E+00   0.2408557838462358E-01   0.0000000000000000E+00   0.1615608017380241E+00   0.0000000000000000E+00   0.3023021017750930E-01   0.0000000000000000E+00   0.1615608017380241E+00   0.0000000000000000E+00   0.3023021017750930E-01   0.0000000000000000E+00
  1     0.7964955816936004E-01   0.3732594219489856E+02   0.1030256733108075E-01   0.3910186247228734E+02   0.7743813726416640E-01   0.4095622900529978E+02   0.1357792463075001E-01   0.1883011664187594E+02   0.7743813726416640E-01   0.4095622900529978E+02   0.1357792463075001E-01   0.1883011664187594E+02
  2     0.5117524695364523E-01   0.4089090484090648E+01   0.6661227188194512E-02   0.2459293066088075E+00   0.4782951490174977E-01   0.9850908151137503E+01   0.1136241115996069E-01  -0.1865600876446389E+02   0.4782951490174977E-01   0.9850908151137503E+01   0.1136241115996069E-01  -0.1865600876446389E+02
  3     0.1419956829352969E-01  -0.6880280805334631E+00   0.1725400048462112E-02  -0.1388801414794744E+02   0.1371652545351113E-01   0.1182551000563264E+02   0.4230814651970257E-02  -0.4503062793198136E+02   0.1371652545351113E-01   0.1182551000563264E+02   0.4230814651970257E-02  -0.4503062793198136E+02
  4     0.8227739136950820E-02   0.1173773174885520E+01   0.1005202223127269E-02  -0.1084258745897132E+02   0.8352124129131227E-02   0.1413235027110556E+02   0.2465071392845192E-02  -0.4825314829939951E+02   0.8352124129131227E-02   0.1413235027110556E+02   0.2465071392845192E-02  -0.4825314829939951E+02
  5     0.3169766824756284E-02  -0.1577837843449837E+02   0.4787808217879186E-03  -0.2829519109831861E+02   0.3377071181988435E-02   0.6446376356706178E+00   0.1170318388503025E-02  -0.6811385626812900E+02   0.3377071181988435E-02   0.6446376356706178E+00   0.1170318388503025E-02  -0.6811385626812900E+02
  6     0.2320180686247748E-02   0.2576205087123733E+01   0.3082189486905966E-03  -0.7136407907038131E+01   0.2612329369356517E-02   0.7984571343353172E+01   0.3158090156835966E-03  -0.4869954475978786E+02   0.2612329369356517E-02   0.7984571343353172E+01   0.3158090156835966E-03  -0.4869954475978786E+02
  7     0.1809398474166106E-02   0.7037923323946914E+02   0.2455583827064508E-03   0.5878060894975705E+02   0.1725813856977820E-02   0.6365904761586197E+02   0.4284357915864029E-03   0.7863601667488841E+02   0.1725813856977820E-02   0.6365904761586197E+02   0.4284357915864029E-03   0.7863601667488841E+02
  8     0.3301259229883361E-03   0.1110642420819446E+03   0.4272291249061022E-04   0.9463976343371978E+02   0.2291302435844168E-03   0.1372011276943308E+03   0.3105905927724642E-03   0.5933657801724178E+02   0.2291302435844168E-03   0.1372011276943308E+03   0.3105905927724642E-03   0.5933657801724178E+02
  9     0.1446516448062498E-02   0.8714442692059070E+02   0.2187478151449341E-03   0.8659647716332080E+02   0.1381705105016570E-02   0.9177293353204709E+02   0.3249447650121208E-03   0.5360218753427356E+02   0.1381705105016570E-02   0.9177293353204709E+02   0.3249447650121208E-03   0.5360218753427356E+02
 10     0.7313446368031387E-03   0.1573134076000226E+03   0.9857310581673673E-04   0.1564930148668288E+03   0.7361396623652934E-03   0.1531459784178965E+03   0.1001580785575048E-03  -0.1581762006532624E+03   0.7361396623652934E-03   0.1531459784178965E+03   0.1001580785575048E-03  -0.1581762006532624E+03
 11     0.3346676888789432E-03  -0.1757421487013966E+03   0.6629847352815451E-04   0.1774044903061200E+03   0.2784660610754498E-03  -0.1698533159334580E+03   0.1570961006476698E-03   0.1702457427094167E+03   0.2784660610754498E-03  -0.1698533159334580E+03   0.1570961006476698E-03   0.1702457427094167E+03
 12     0.2035045836363097E-03  -0.1776001920328698E+03   0.3553729799118608E-04  -0.1653951930870554E+03   0.2425435419717040E-03  -0.1618213088486263E+03   0.7584166260013845E-04   0.9777432104293848E+02   0.2425435419717040E-03  -0.1618213088486263E+03   0.7584166260013845E-04   0.9777432104293848E+02
 13     0.5692943279306418E-03  -0.1027879740063845E+03   0.9208675897528559E-04  -0.1060960811718830E+03   0.5440700926768745E-03  -0.1116325717316456E+03   0.1560968462057006E-03  -0.6203443227915067E+02   0.5440700926768745E-03  -0.1116325717316456E+03   0.1560968462057006E-03  -0.6203443227915067E+02
 14     0.4133805121063790E-03  -0.2117633527676157E+02   0.6142890993384550E-04  -0.2503340008667105E+02   0.4085402478501556E-03  -0.8834840036463468E+01   0.1407694860497447E-03  -0.8024569894102412E+02   0.4085402478501556E-03  -0.8834840036463468E+01   0.1407694860497447E-03  -0.8024569894102412E+02
 15     0.2936988355992756E-03  -0.2544387520553001E+02   0.5258498747624025E-04  -0.2854819334115109E+02   0.3911800848051635E-03  -0.2312635223954653E+02   0.8269734864945548E-04   0.1664356460657741E+03   0.3911800848051635E-03  -0.2312635223954653E+02   0.8269734864945548E-04   0.1664356460657741E+03
 16     0.3406092121137352E-03   0.2062791254914654E+02   0.5331382068700748E-04   0.2350417552208468E+02   0.3078629186660055E-03  -0.1197016390225146E+01   0.2064187517901522E-03   0.7281405256604560E+02   0.3078629186660055E-03  -0.1197016390225146E+01   0.2064187517901522E-03   0.7281405256604560E+02
 17     0.4653989002928315E-03   0.6238743876065242E+02   0.7185346493125463E-04   0.5963264890271781E+02   0.3806143674508667E-03   0.7295092928221378E+02   0.2148123213725722E-03   0.3684817220916588E+02   0.3806143674508667E-03   0.7295092928221378E+02   0.2148123213725722E-03   0.3684817220916588E+02
 18     0.3341437580984340E-03   0.1167237456868995E+03   0.5295249378499464E-04   0.1160086462430408E+03   0.3597668336326225E-03   0.1166152359866676E+03   0.2093836557881951E-04   0.1048097637984542E+03   0.3597668336326225E-03   0.1166152359866676E+03   0.2093836557881951E-04   0.1048097637984542E+03
ZONE T="BLADE REV=  11" F=POINT, I=  19
  0     0.1682907754675795E+00   0.0000000000000000E+00   0.2408522221959055E-01   0.0000000000000000E+00   0.1615579310514035E+00   0.0000000000000000E+00   0.3022983943536077E-01   0.0000000000000000E+00   0.1615579310514035E+00   0.0000000000000000E+00   0.3022983943536077E-01   0.0000000000000000E+00
  1     0.7964846249483533E-01   0.3732365158366159E+02   0.1030242669922470E-01   0.3909957842567941E+02   0.7743684321783294E-01   0.4095393743840473E+02   0.1357796010215525E-01   0.1882842579274205E+02   0.7743684321783294E-01   0.4095393743840473E+02   0.1357796010215525E-01   0.1882842579274205E+02
  2     0.5117544879639782E-01   0.4087898949982774E+01   0.6661268174921545E-02   0.2448503455996537E+00   0.4782949901016647E-01   0.9849716492298716E+01   0.1136265041994930E-01  -0.1865635940735143E+02   0.4782949901016647E-01   0.9849716492298716E+01   0.1136265041994930E-01  -0.1865635940735143E+02
  3     0.1419972693929315E-01  -0.6910062145948385E+00   0.1725431804820257E-02  -0.1389045749356027E+02   0.1371654222023328E-01   0.1182305312110403E+02   0.4231073372318610E-02  -0.4503265860404139E+02   0.1371654222023328E-01   0.1182305312110403E+02   0.4231073372318610E-02  -0.4503265860404139E+02
  4     0.8227857392506980E-02   0.1170087108390730E+01   0.1005226077744367E-02  -0.1084568439590623E+02   0.8352322857106262E-02   0.1412916746062755E+02   0.2465115384589397E-02  -0.4826026101428560E+02   0.8352322857106262E-02   0.1412916746062755E+02   0.2465115384589397E-02  -0.4826026101428560E+02
  5     0.3169988061162397E-02  -0.1578506399876282E+02   0.4788120971504152E-03  -0.2829951285065943E+02   0.3377349736416778E-02   0.6350192871371643E+00   0.1170109538472421E-02  -0.6812141843580726E+02   0.3377349736416778E-02   0.6350192871371643E+00   0.1170109538472421E-02  -0.6812141843580726E+02
  6     0.2320271975018196E-02   0.2567561447756294E+01   0.3082362072128370E-03  -0.7143383458886048E+01   0.2612241000398937E-02   0.7973357100171222E+01   0.3157774775188943E-03  -0.4865281002302304E+02   0.2612241000398937E-02   0.7973357100171222E+01   0.3157774775188943E-03  -0.4865281002302304E+02
  7     0.1809160886915496E-02   0.7037329173581347E+02   0.2455365254202054E-03   0.5877470186430313E+02   0.1725627603687430E-02   0.6365865927241725E+02   0.4282979814247917E-03   0.7860013627496248E+02   0.1725627603687430E-02   0.6365865927241725E+02   0.4282979814247917E-03   0.7860013627496248E+02
  8     0.3298636431401298E-03   0.1110649475999372E+03   0.4269359555521799E-04   0.9462964976780320E+02   0.2289296900556116E-03   0.1371805105619014E+03   0.3102983077261757E-03   0.5933586590181019E+02   0.2289296900556116E-03   0.1371805105619014E+03   0.3102983077261757E-03   0.5933586590181019E+02
  9     0.1446303122268563E-02   0.8714062255154978E+02   0.2187237098145428E-03   0.8659354533516213E+02   0.1381375265377188E-02   0.9176294609479784E+02   0.3249163210991997E-03   0.5364471902704920E+02   0.1381375265377188E-02   0.9176294609479784E+02   0.3249163210991997E-03   0.5364471902704920E+02
 10     0.7311956274544035E-03   0.1573248142601512E+03   0.9855636406881710E-04   0.1565027244112270E+03   0.7359879533078864E-03   0.1531708957653691E+03   0.9996200946938883E-04  -0.1582493888539729E+03   0.7359879533078864E-03   0.1531708957653691E+03   0.9996200946938883E-04  -0.1582493888539729E+03
 11     0.3346019441569575E-03  -0.1757112640810669E+03   0.6628856797666155E-04   0.1774216767099373E+03   0.2785675395630050E-03  -0.1698351633603795E+03   0.1568614673762245E-03   0.1702749572511194E+03   0.2785675395630050E-03  -0.1698351633603795E+03   0.1568614673762245E-03   0.1702749572511194E+03
 12     0.2034341109983190E-03  -0.1775548079207415E+03   0.3553353954307047E-04  -0.1653635997222004E+03   0.2424352274277255E-03  -0.1618133515162767E+03   0.7563031805419896E-04   0.9783204693362285E+02   0.2424352274277255E-03  -0.1618133515162767E+03   0.7563031805419896E-04   0.9783204693362285E+02
 13     0.5694186673104479E-03  -0.1027772473673627E+03   0.9210056251935240E-04  -0.1060880870818948E+03   0.5441205443741000E-03  -0.1116049967649960E+03   0.1560228971195128E-03  -0.6209396414529737E+02   0.5441205443741000E-03  -0.1116049967649960E+03   0.1560228971195128E-03  -0.6209396414529737E+02
 14     0.4134994998523575E-03  -0.2118982018741004E+02   0.6144327898552601E-04  -0.2504300611141412E+02   0.4086882318568246E-03  -0.8869891639874131E+01   0.1406116275764221E-03  -0.8024641498815086E+02   0.4086882318568246E-03  -0.8869891639874131E+01   0.1406116275764221E-03  -0.8024641498815086E+02
 15     0.2938195687270874E-03  -0.2545908148194119E+02   0.5259916381367371E-04  -0.2855724297435160E+02   0.3912012300971770E-03  -0.2315432705135195E+02   0.8254383914528436E-04   0.1663639540551361E+03   0.3912012300971770E-03  -0.2315432705135195E+02   0.8254383914528436E-04   0.1663639540551361E+03
 16     0.3406395669684735E-03   0.2060550555137791E+02   0.5331644547719937E-04   0.2348740557836182E+02   0.3078440288955664E-03  -0.1194145366278532E+01   0.2062866561199686E-03   0.7276442203789109E+02   0.3078440288955664E-03  -0.1194145366278532E+01   0.2062866561199686E-03   0.7276442203789109E+02
 17     0.4653409513723440E-03   0.6237329730196762E+02   0.7184744324680119E-04   0.5962191923579559E+02   0.3806909882319198E-03   0.7292253250498443E+02   0.2145786871920538E-03   0.3683577179079140E+02   0.3806909882319198E-03   0.7292253250498443E+02   0.2145786871920538E-03   0.3683577179079140E+02
 18     0.3340236997980594E-03   0.1167198206856230E+03   0.5293872156857635E-04   0.1160057215359948E+03   0.3594634288402165E-03   0.1166003823287334E+03   0.2114685743919039E-04   0.1051990004292984E+03   0.3594634288402165E-03   0.1166003823287334E+03   0.2114685743919039E-04   0.1051990004292984E+03
ZONE T="BLADE REV=  12" F=POINT, I=  19
  0     0.1682917990602988E+00   0.0000000000000000E+00   0.2408534863621790E-01   0.0000000000000000E+00   0.1615589637192389E+00   0.0000000000000000E+00   0.3022996969049195E-01   0.0000000000000000E+00   0.1615589637192389E+00   0.0000000000000000E+00   0.3022996969049195E-01   0.0000000000000000E+00
  1     0.7964899278341669E-01   0.3732456166032869E+02   0.1030249493072430E-01   0.3910048029432601E+02   0.7743744303965304E-01   0.4095484914065242E+02   0.1357796836677752E-01   0.1882912272966060E+02   0.7743744303965304E-01   0.4095484914065242E+02   0.1357796836677752E-01   0.1882912272966060E+02
  2     0.5117538682460732E-01   0.4088375246692140E+01   0.6661254627924762E-02   0.2452705156859902E+00   0.4782951094845701E-01   0.9850208490693237E+01   0.1136257856906550E-01  -0.1865622911930144E+02   0.4782951094845701E-01   0.9850208490693237E+01   0.1136257856906550E-01  -0.1865622911930144E+02
  3     0.1419967252851801E-01  -0.6897836278650635E+00   0.1725419925647615E-02  -0.1388947616071644E+02   0.1371654881577535E-01   0.1182416611467631E+02   0.4230995092757906E-02  -0.4503204543959147E+02   0.1371654881577535E-01   0.1182416611467631E+02   0.4230995092757906E-02  -0.4503204543959147E+02
  4     0.8227815139295786E-02   0.1171608552484739E+01   0.1005217034266419E-02  -0.1084443514795190E+02   0.8352272670039965E-02   0.1413056305066946E+02   0.2465099693328189E-02  -0.4825811731536547E+02   0.8352272670039965E-02   0.1413056305066946E+02   0.2465099693328189E-02  -0.4825811731536547E+02
  5     0.3169900934269996E-02  -0.1578227559682021E+02   0.4787998108343042E-03  -0.2829775983896111E+02   0.3377259020160226E-02   0.6388273024549667E+00   0.1170175254490569E-02  -0.6811917427744685E+02   0.3377259020160226E-02   0.6388273024549667E+00   0.1170175254490569E-02  -0.6811917427744685E+02
  6     0.2320238054013255E-02   0.2571137325083236E+01   0.3082296372680377E-03  -0.7140570367400123E+01   0.2612270846759796E-02   0.7977724153316478E+01   0.3157856880868773E-03  -0.4866825004350235E+02   0.2612270846759796E-02   0.7977724153316478E+01   0.3157856880868773E-03  -0.4866825004350235E+02
  7     0.1809260795158422E-02   0.7037568082117477E+02   0.2455455243785794E-03   0.5877704744716732E+02   0.1725712083990376E-02   0.6365936316707213E+02   0.4283416166344351E-03   0.7861197211320034E+02   0.1725712083990376E-02   0.6365936316707213E+02   0.4283416166344351E-03   0.7861197211320034E+02
  8     0.3299722271243024E-03   0.1110643127498242E+03   0.4270545451339196E-04   0.9463348586509017E+02   0.2290153834858844E-03   0.1371833246749749E+03   0.3103911415990893E-03   0.5933639411891408E+02   0.2290153834858844E-03   0.1371833246749749E+03   0.3103911415990893E-03   0.5933639411891408E+02
  9     0.1446392277561411E-02   0.8714214436985843E+02   0.2187335393958751E-03   0.8659469252170824E+02   0.1381503784603646E-02   0.9176634105504772E+02   0.3249245386127679E-03   0.5363141127824547E+02   0.1381503784603646E-02   0.9176634105504772E+02   0.3249245386127679E-03   0.5363141127824547E+02
 10     0.7312567119532753E-03   0.1573200122626947E+03   0.9856307188603586E-04   0.1564987500171969E+03   0.7360511524703941E-03   0.1531618399657258E+03   0.1000246313236844E-03  -0.1582270534971389E+03   0.7360511524703941E-03   0.1531618399657258E+03   0.1000246313236844E-03  -0.1582270534971389E+03
 11     0.3346283821050833E-03  -0.1757241448420909E+03   0.6629249004150860E-04   0.1774146836191422E+03   0.2785404413945800E-03  -0.1698450433596082E+03   0.1569344525904666E-03   0.1702653350202781E+03   0.2785404413945800E-03  -0.1698450433596082E+03   0.1569344525904666E-03   0.1702653350202781E+03
 12     0.2034627100844944E-03  -0.1775737426424512E+03   0.3553499430207030E-04  -0.1653764259911959E+03   0.2424708786534458E-03  -0.1618207854808657E+03   0.7569463062093904E-04   0.9781350173925965E+02   0.2424708786534458E-03  -0.1618207854808657E+03   0.7569463062093904E-04   0.9781350173925965E+02
 13     0.5693666725500424E-03  -0.1027816603169830E+03   0.9209494136116567E-04  -0.1060913033770973E+03   0.5440909719099081E-03  -0.1116149022251671E+03   0.1560460524734473E-03  -0.6207625871044544E+02   0.5440909719099081E-03  -0.1116149022251671E+03   0.1560460524734473E-03  -0.6207625871044544E+02
 14     0.4134504570192409E-03  -0.2118417659952209E+02   0.6143749494338643E-04  -0.2503908748967241E+02   0.4086329679312042E-03  -0.8857138295912485E+01   0.1406593040624665E-03  -0.8024657210294750E+02   0.4086329679312042E-03  -0.8857138295912485E+01   0.1406593040624665E-03  -0.8024657210294750E+02
 15     0.2937696671607713E-03  -0.2545270354718195E+02   0.5259343845321018E-04  -0.2855354796091346E+02   0.3911814003303254E-03  -0.2314421938704890E+02   0.8259104576544724E-04   0.1663863134854225E+03   0.3911814003303254E-03  -0.2314421938704890E+02   0.8259104576544724E-04   0.1663863134854225E+03
 16     0.3406273725700932E-03   0.2061479343078417E+02   0.5331542269093042E-04   0.2349416978481269E+02   0.3078425350010345E-03  -0.1192588249207125E+01   0.2063265516365587E-03   0.7278024744532691E+02   0.3078425350010345E-03  -0.1192588249207125E+01   0.2063265516365587E-03   0.7278024744532691E+02
 17     0.4653653427173815E-03   0.6237914393444488E+02   0.7184991659001591E-04   0.5962624931386828E+02   0.3806750771928436E-03   0.7293293889490413E+02   0.2146518353846003E-03   0.3684028929043938E+02   0.3806750771928436E-03   0.7293293889490413E+02   0.2146518353846003E-03   0.3684028929043938E+02
 18     0.3340735959769288E-03   0.1167213973176626E+03   0.5294430162332883E-04   0.1160068752887059E+03   0.3595721968550427E-03   0.1166056336718366E+03   0.2108194895548695E-04   0.1050718457789922E+03   0.3595721968550427E-03   0.1166056336718366E+03   0.2108194895548695E-04   0.1050718457789922E+03
ZONE T="BLADE REV=  13" F=POINT, I=  19
  0     0.1682914400237787E+00   0.0000000000000000E+00   0.2408530508333659E-01   0.0000000000000000E+00   0.1615586012820544E+00   0.0000000000000000E+00   0.3022992550465238E-01   0.0000000000000000E+00   0.1615586012820544E+00   0.0000000000000000E+00   0.3022992550465238E-01   0.0000000000000000E+00
  1     0.7964874173300457E-01   0.3732421151567289E+02   0.1030246283692308E-01   0.3910013586345566E+02   0.7743716871887074E-01   0.4095449797745732E+02   0.1357795542081839E-01   0.1882884518489897E+02   0.7743716871887074E-01   0.4095449797745732E+02   0.1357795542081839E-01   0.1882884518489897E+02
  2     0.5117540634393082E-01   0.4088184834640004E+01   0.6661259280115650E-02   0.2451075984399846E+00   0.4782950590768897E-01   0.9850005854349634E+01   0.1136259855798293E-01  -0.1865627806182827E+02   0.4782950590768897E-01   0.9850005854349634E+01   0.1136259855798293E-01  -0.1865627806182827E+02
  3     0.1419969058480241E-01  -0.6902798573930956E+00   0.1725424315906588E-02  -0.1388986457826302E+02   0.1371654101183165E-01   0.1182367518740748E+02   0.4231016238328695E-02  -0.4503221171948946E+02   0.1371654101183165E-01   0.1182367518740748E+02   0.4231016238328695E-02  -0.4503221171948946E+02
  4     0.8227830068747109E-02   0.1170987865223365E+01   0.1005220419934180E-02  -0.1084493255058664E+02   0.8352281251431783E-02   0.1412996340462615E+02   0.2465105224233512E-02  -0.4825869107050202E+02   0.8352281251431783E-02   0.1412996340462615E+02   0.2465105224233512E-02  -0.4825869107050202E+02
  5     0.3169934889571422E-02  -0.1578342544299205E+02   0.4788045742663944E-03  -0.2829846232426706E+02   0.3377286709838711E-02   0.6373386643885109E+00   0.1170156565612838E-02  -0.6811975417495415E+02   0.3377286709838711E-02   0.6373386643885109E+00   0.1170156565612838E-02  -0.6811975417495415E+02
  6     0.2320250702792230E-02   0.2569672630171143E+01   0.3082321298183053E-03  -0.7141692109504059E+01   0.2612261663055310E-02   0.7976045309685290E+01   0.3157843238216573E-03  -0.4866349698834968E+02   0.2612261663055310E-02   0.7976045309685290E+01   0.3157843238216573E-03  -0.4866349698834968E+02
  7     0.1809219401639897E-02   0.7037472816792800E+02   0.2455418789292765E-03   0.5877612562141822E+02   0.1725674861047453E-02   0.6365885798712428E+02   0.4283288756606778E-03   0.7860832534837837E+02   0.1725674861047453E-02   0.6365885798712428E+02   0.4283288756606778E-03   0.7860832534837837E+02
  8     0.3299278087171334E-03   0.1110646935357817E+03   0.4270072769247559E-04   0.9463204581780576E+02   0.2289792525786618E-03   0.1371843768640736E+03   0.3103641059558261E-03   0.5933608777872273E+02   0.2289792525786618E-03   0.1371843768640736E+03   0.3103641059558261E-03   0.5933608777872273E+02
  9     0.1446355540532396E-02   0.8714154042381502E+02   0.2187295918964981E-03   0.8659424876857430E+02   0.1381454458911804E-02   0.9176523721349224E+02   0.3249224661420168E-03   0.5363517315256291E+02   0.1381454458911804E-02   0.9176523721349224E+02   0.3249224661420168E-03   0.5363517315256291E+02
 10     0.7312319547940773E-03   0.1573220037210440E+03   0.9856041865648435E-04   0.1565003505165869E+03   0.7360251257657489E-03   0.1531650485347401E+03   0.1000062577289214E-03  -0.1582330772630266E+03   0.7360251257657489E-03   0.1531650485347401E+03   0.1000062577289214E-03  -0.1582330772630266E+03
 11     0.3346178374797925E-03  -0.1757188468469606E+03   0.6629095688811127E-04   0.1774174839374685E+03   0.2785457740787849E-03  -0.1698400993520814E+03   0.1569138642093314E-03   0.1702683019276753E+03   0.2785457740787849E-03  -0.1698400993520814E+03   0.1569138642093314E-03   0.1702683019276753E+03
 12     0.2034512170633206E-03  -0.1775659519711221E+03   0.3553443743701970E-04  -0.1653712934408978E+03   0.2424598303040085E-03  -0.1618161824864514E+03   0.7567710602012229E-04   0.9781895905728611E+02   0.2424598303040085E-03  -0.1618161824864514E+03   0.7567710602012229E-04   0.9781895905728611E+02
 13     0.5693881162842499E-03  -0.1027798682115851E+03   0.9209719524007147E-04  -0.1060900296109661E+03   0.5441062961118352E-03  -0.1116114318237454E+03   0.1560394917385547E-03  -0.6208087093615475E+02   0.5441062961118352E-03  -0.1116114318237454E+03   0.1560394917385547E-03  -0.6208087093615475E+02
 14     0.4134704290652454E-03  -0.2118650998850811E+02   0.6143979037072817E-04  -0.2504066731297273E+02   0.4086532501346780E-03  -0.8861683392556490E+01   0.1406465731012033E-03  -0.8024633116460558E+02   0.4086532501346780E-03  -0.8861683392556490E+01   0.1406465731012033E-03  -0.8024633116460558E+02
 15     0.2937900194799910E-03  -0.2545534466790361E+02   0.5259571574875590E-04  -0.2855503738248532E+02   0.3911936622909559E-03  -0.2314778033754129E+02   0.8257791279807185E-04   0.1663800577558587E+03   0.3911936622909559E-03  -0.2314778033754129E+02   0.8257791279807185E-04   0.1663800577558587E+03
 16     0.3406322338813853E-03   0.2061098174182054E+02   0.5331581811216817E-04   0.2349146912016414E+02   0.3078468346658755E-03  -0.1194274694226976E+01   0.2063157667395860E-03   0.7277561440062254E+02   0.3078468346658755E-03  -0.1194274694226976E+01   0.2063157667395860E-03   0.7277561440062254E+02
 17     0.4653552291338946E-03   0.6237675630466033E+02   0.7184891697612423E-04   0.5962452611059302E+02   0.3806754265426957E-03   0.7292919520107559E+02   0.2146310396486032E-03   0.3683871989115809E+02   0.3806754265426957E-03   0.7292919520107559E+02   0.2146310396486032E-03   0.3683871989115809E+02
 18     0.3340531225514166E-03   0.1167207720790817E+03   0.5294207274140602E-04   0.1160064276144278E+03   0.3595342845817790E-03   0.1166038576257545E+03   0.2110015128592124E-04   0.1051106468945603E+03   0.3595342845817790E-03   0.1166038576257545E+03   0.2110015128592124E-04   0.1051106468945603E+03
ZONE T="BLADE REV=  14" F=POINT, I=  19
  0     0.1682915622885586E+00   0.0000000000000000E+00   0.2408531960063543E-01   0.0000000000000000E+00   0.1615587248619831E+00   0.0000000000000000E+00   0.3022993988669656E-01   0.0000000000000000E+00   0.1615587248619831E+00   0.0000000000000000E+00   0.3022993988669656E-01   0.0000000000000000E+00
  1     0.7964885297655325E-01   0.3732434236978106E+02   0.1030247696630399E-01   0.3910026373917417E+02   0.7743728748037515E-01   0.4095462928026873E+02   0.1357796375678470E-01   0.1882895248149054E+02   0.7743728748037515E-01   0.4095462928026873E+02   0.1357796375678470E-01   0.1882895248149054E+02
  2     0.5117540000739410E-01   0.4088259789847463E+01   0.6661257638419825E-02   0.2451700160098105E+00   0.4782950746993189E-01   0.9850087605130149E+01   0.1136259364742583E-01  -0.1865625933363268E+02   0.4782950746993189E-01   0.9850087605130149E+01   0.1136259364742583E-01  -0.1865625933363268E+02
  3     0.1419968465131198E-01  -0.6900837134560389E+00   0.1725422705188674E-02  -0.1388971487268683E+02   0.1371654567587176E-01   0.1182388279087361E+02   0.4231011551884385E-02  -0.4503217482464323E+02   0.1371654567587176E-01   0.1182388279087361E+02   0.4231011551884385E-02  -0.4503217482464323E+02
  4     0.8227824861210457E-02   0.1171234043071518E+01   0.1005219175974415E-02  -0.1084473995957529E+02   0.8352281863965631E-02   0.1413021171737144E+02   0.2465103318685975E-02  -0.4825856818587565E+02   0.8352281863965631E-02   0.1413021171737144E+02   0.2465103318685975E-02  -0.4825856818587565E+02
  5     0.3169921947222243E-02  -0.1578296498246075E+02   0.4788027711307610E-03  -0.2829818863944092E+02   0.3377278940672760E-02   0.6379061004850387E+00   0.1170161101613166E-02  -0.6811964134031965E+02   0.3377278940672760E-02   0.6379061004850387E+00   0.1170161101613166E-02  -0.6811964134031965E+02
  6     0.2320246111507076E-02   0.2570256593303077E+01   0.3082312110935642E-03  -0.7141255774085021E+01   0.2612264223012885E-02   0.7976675782834731E+01   0.3157841724728026E-03  -0.4866483018520378E+02   0.2612264223012885E-02   0.7976675782834731E+01   0.3157841724728026E-03  -0.4866483018520378E+02
  7     0.1809236058271484E-02   0.7037509939416070E+02   0.2455433160519994E-03   0.5877647955894356E+02   0.1725690610866917E-02   0.6365913726556337E+02   0.4283321351045481E-03   0.7860935203059265E+02   0.1725690610866917E-02   0.6365913726556337E+02   0.4283321351045481E-03   0.7860935203059265E+02
  8     0.3299454921036211E-03   0.1110645003811964E+03   0.4270256386823020E-04   0.9463257428688345E+02   0.2289940265367128E-03   0.1371831790976697E+03   0.3103709911519217E-03   0.5933624122494026E+02   0.2289940265367128E-03   0.1371831790976697E+03   0.3103709911519217E-03   0.5933624122494026E+02
  9     0.1446370261225930E-02   0.8714177469462327E+02   0.2187311369963255E-03   0.8659441648999983E+02   0.1381472945410723E-02   0.9176557642834806E+02   0.3249228396296335E-03   0.5363427067769905E+02   0.1381472945410723E-02   0.9176557642834806E+02   0.3249228396296335E-03   0.5363427067769905E+02
 10     0.7312417399953981E-03   0.1573212016574397E+03   0.9856144382019187E-04   0.1564997230599316E+03   0.7360355618547143E-03   0.1531639464878989E+03   0.1000110103957850E-03  -0.1582317725537845E+03   0.7360355618547143E-03   0.1531639464878989E+03   0.1000110103957850E-03  -0.1582317725537845E+03
 11     0.3346219483223082E-03  -0.1757209664704252E+03   0.6629154273982103E-04   0.1774163909810240E+03   0.2785456784618587E-03  -0.1698423865713571E+03   0.1569188030249220E-03   0.1702674664802193E+03   0.2785456784618587E-03  -0.1698423865713571E+03   0.1569188030249220E-03   0.1702674664802193E+03
 12     0.2034557305014022E-03  -0.1775690691790489E+03   0.3553464683997395E-04  -0.1653732956888586E+03   0.2424629893750669E-03  -0.1618185619551459E+03   0.7568100518453760E-04   0.9781754553208707E+02   0.2424629893750669E-03  -0.1618185619551459E+03   0.7568100518453760E-04   0.9781754553208707E+02
 13     0.5693795237900536E-03  -0.1027805777483461E+03   0.9209631536775794E-04  -0.1060905222558235E+03   0.5440990798712259E-03  -0.1116126095726102E+03   0.1560410690558537E-03  -0.6207995452797000E+02   0.5440990798712259E-03  -0.1116126095726102E+03   0.1560410690558537E-03  -0.6207995452797000E+02
 14     0.4134625046937211E-03  -0.2118557391379796E+02   0.6143890148067234E-04  -0.2504004843655779E+02   0.4086459783675383E-03  -0.8860111651756815E+01   0.1406492671737028E-03  -0.8024648692441846E+02   0.4086459783675383E-03  -0.8860111651756815E+01   0.1406492671737028E-03  -0.8024648692441846E+02
 15     0.2937819376459155E-03  -0.2545428359777808E+02   0.5259483255021286E-04  -0.2855445392077549E+02   0.3911873218500343E-03  -0.2314656570912533E+02   0.8258097256131207E-04   0.1663815325837074E+03   0.3911873218500343E-03  -0.2314656570912533E+02   0.8258097256131207E-04   0.1663815325837074E+03
 16     0.3406303477110883E-03   0.2061250246241685E+02   0.5331566991700440E-04   0.2349251909523585E+02   0.3078438258635220E-03  -0.1193235074117858E+01   0.2063181196912797E-03   0.7277680833492406E+02   0.3078438258635220E-03  -0.1193235074117858E+01   0.2063181196912797E-03   0.7277680833492406E+02
 17     0.4653593015355065E-03   0.6237770567377233E+02   0.7184931037333474E-04   0.5962519494324679E+02   0.3806774658374169E-03   0.7293050546226152E+02   0.2146360965324851E-03   0.3683924207274302E+02   0.3806774658374169E-03   0.7293050546226152E+02   0.2146360965324851E-03   0.3683924207274302E+02
 18     0.3340612937655757E-03   0.1167210146265578E+03   0.5294294045786721E-04   0.1160065976183732E+03   0.3595470486621850E-03   0.1166044317553574E+03   0.2109584142134721E-04   0.1050999671474025E+03   0.3595470486621850E-03   0.1166044317553574E+03   0.2109584142134721E-04   0.1050999671474025E+03
ZONE T="BLADE REV=  15" F=POINT, I=  19
  0     0.1682915216132800E+00   0.0000000000000000E+00   0.2408531489488638E-01   0.0000000000000000E+00   0.1615586836785847E+00   0.0000000000000000E+00   0.3022993537001753E-01   0.0000000000000000E+00   0.1615586836785847E+00   0.0000000000000000E+00   0.3022993537001753E-01   0.0000000000000000E+00
  1     0.7964880579347478E-01   0.3732429430963154E+02   0.1030247099983318E-01   0.3910021708166973E+02   0.7743723793871930E-01   0.4095458105598907E+02   0.1357795945190140E-01   0.1882891176781230E+02   0.7743723793871930E-01   0.4095458105598907E+02   0.1357795945190140E-01   0.1882891176781230E+02
  2     0.5117540201101062E-01   0.4088230435577182E+01   0.6661258212665434E-02   0.2451460652761401E+00   0.4782950699679422E-01   0.9850054974688005E+01   0.1136259457670184E-01  -0.1865626677905334E+02   0.4782950699679422E-01   0.9850054974688005E+01   0.1136259457670184E-01  -0.1865626677905334E+02
  3     0.1419968659331312E-01  -0.6901601594744884E+00   0.1725423295983221E-02  -0.1388977199735722E+02   0.1371654337562983E-01   0.1182379737359465E+02   0.4231012151404553E-02  -0.4503217972226558E+02   0.1371654337562983E-01   0.1182379737359465E+02   0.4231012151404553E-02  -0.4503217972226558E+02
  4     0.8227826663976364E-02   0.1171137880240711E+01   0.1005219629617038E-02  -0.1084481364514499E+02   0.8352280297343459E-02   0.1413011118062721E+02   0.2465103961876034E-02  -0.4825858108706549E+02   0.8352280297343459E-02   0.1413011118062721E+02   0.2465103961876034E-02  -0.4825858108706549E+02
  5     0.3169926832217431E-02  -0.1578314622401469E+02   0.4788034477030761E-03  -0.2829829389841563E+02   0.3377280901605970E-02   0.6376924672864605E+00   0.1170160317113121E-02  -0.6811964584818708E+02   0.3377280901605970E-02   0.6376924672864605E+00   0.1170160317113121E-02  -0.6811964584818708E+02
  6     0.2320247765177803E-02   0.2570027773172814E+01   0.3082315470428609E-03  -0.7141423120892262E+01   0.2612263610309809E-02   0.7976441942006026E+01   0.3157844680760379E-03  -0.4866450010580648E+02   0.2612263610309809E-02   0.7976441942006026E+01   0.3157844680760379E-03  -0.4866450010580648E+02
  7     0.1809229476791060E-02   0.7037495669678913E+02   0.2455427577631638E-03   0.5877634528326227E+02   0.1725684132154456E-02   0.6365900110880885E+02   0.4283314727673075E-03   0.7860909546603369E+02   0.1725684132154456E-02   0.6365900110880885E+02   0.4283314727673075E-03   0.7860909546603369E+02
  8     0.3299385658754166E-03   0.1110645897298954E+03   0.4270185941181503E-04   0.9463238199644570E+02   0.2289881071529988E-03   0.1371839123902035E+03   0.3103696134093566E-03   0.5933617003682757E+02   0.2289881071529988E-03   0.1371839123902035E+03   0.3103696134093566E-03   0.5933617003682757E+02
  9     0.1446364465537214E-02   0.8714168498901520E+02   0.2187305405487910E-03   0.8659435374527764E+02   0.1381466103770721E-02   0.9176547756928824E+02   0.3249228416096771E-03   0.5363442105671717E+02   0.1381466103770721E-02   0.9176547756928824E+02   0.3249228416096771E-03   0.5363442105671717E+02
 10     0.7312379303258047E-03   0.1573215188958646E+03   0.9856105236243183E-04   0.1564999657519098E+03   0.7360314470816506E-03   0.1531643183245446E+03   0.1000100226077107E-03  -0.1582319119904724E+03   0.7360314470816506E-03   0.1531643183245446E+03   0.1000100226077107E-03  -0.1582319119904724E+03
 11     0.3346203670343669E-03  -0.1757201330000599E+03   0.6629132135540804E-04   0.1774168119012719E+03   0.2785450307353295E-03  -0.1698413831085859E+03   0.1569179687615680E-03   0.1702676755677234E+03   0.2785450307353295E-03  -0.1698413831085859E+03   0.1569179687615680E-03   0.1702676755677234E+03
 12     0.2034539829773829E-03  -0.1775678431323505E+03   0.3553456887858918E-04  -0.1653725247360303E+03   0.2424621723603073E-03  -0.1618174467326120E+03   0.7568051098935617E-04   0.9781783828253926E+02   0.2424621723603073E-03  -0.1618174467326120E+03   0.7568051098935617E-04   0.9781783828253926E+02
 13     0.5693829076271167E-03  -0.1027803011352444E+03   0.9209665443645138E-04  -0.1060903340018404E+03   0.5441022766111183E-03  -0.1116122171334320E+03   0.1560408055382230E-03  -0.6208000497137464E+02   0.5441022766111183E-03  -0.1116122171334320E+03   0.1560408055382230E-03  -0.6208000497137464E+02
 14     0.4134655993283835E-03  -0.2118594288809753E+02   0.6143924149360717E-04  -0.2504028762087157E+02   0.4086485559183375E-03  -0.8860646843453214E+01   0.1406490126890840E-03  -0.8024640594507767E+02   0.4086485559183375E-03  -0.8860646843453214E+01   0.1406490126890840E-03  -0.8024640594507767E+02
 15     0.2937850968618867E-03  -0.2545470244204343E+02   0.5259517100034853E-04  -0.2855467947911421E+02   0.3911902950733494E-03  -0.2314697250960637E+02   0.8258050152131536E-04   0.1663813007025015E+03   0.3911902950733494E-03  -0.2314697250960637E+02   0.8258050152131536E-04   0.1663813007025015E+03
 16     0.3406310717620414E-03   0.2061190594358733E+02   0.5331572520863584E-04   0.2349211615360868E+02   0.3078454471937398E-03  -0.1193765688304787E+01   0.2063178474899159E-03   0.7277656155110526E+02   0.3078454471937398E-03  -0.1193765688304787E+01   0.2063178474899159E-03   0.7277656155110526E+02
 17     0.4653576918707491E-03   0.6237733426810596E+02   0.7184915782716714E-04   0.5962493859913877E+02   0.3806759272341859E-03   0.7293005296787923E+02   0.2146352083959081E-03   0.3683907424622769E+02   0.3806759272341859E-03   0.7293005296787923E+02   0.2146352083959081E-03   0.3683907424622769E+02
 18     0.3340580868833187E-03   0.1167209217153150E+03   0.5294260696960309E-04   0.1160065337122375E+03   0.3595428431441262E-03   0.1166042530340686E+03   0.2109653263093202E-04   0.1051025081702874E+03   0.3595428431441262E-03   0.1166042530340686E+03   0.2109653263093202E-04   0.1051025081702874E+03
